7.415197621686323570e-01
7.666728179280291045e-01
7.155424327132969831e-01
8.141658388001353774e-01
6.051993029240294586e-01
9.557324266571931570e-01
1.692318211725842292e-01
5.623696475007787798e-01
9.844401082825143812e-01
6.127112594890296582e-02
2.300679002954265362e-01
7.085466461963207951e-01
8.260331854410664087e-01
5.748094479646047583e-01
9.776141859809244217e-01
8.753875739911574916e-02
3.195028934085380468e-01
8.696831780484417518e-01
4.533373914720164599e-01
9.912904038614566149e-01
3.453495629458742250e-02
1.333691723532734186e-01
4.623273448763051130e-01
9.943230842237246181e-01
2.257875361417783014e-02
8.827581399763233250e-02
3.219327786427510496e-01
8.731682587124339756e-01
4.429818027581197692e-01
9.869957007331440213e-01
5.134074986973611449e-02
1.948195090901972126e-01
6.274594718722071862e-01
9.350163321202320521e-01
2.430431631546398630e-01
7.358927359937078583e-01
7.774184684216113306e-01
6.921559735144297010e-01
8.523043273708871270e-01
5.035266436629871611e-01
9.999502511378972613e-01
1.989855486138325513e-04
7.957838134611016408e-04
3.180602166333339718e-03
1.268194374477142269e-02
5.008444819050350549e-02
1.903039849598250899e-01
6.163535130729429490e-01
9.458474399823380008e-01
2.048802410447820577e-01
6.516173114968561997e-01
9.080487634178611156e-01
3.339848266926176423e-01
8.897558489268792004e-01
3.923615129091508891e-01
9.536558243871724461e-01
1.767855719983798257e-01
5.821297341263419467e-01
9.730188270893455060e-01
1.050127568760794300e-01
3.759403110774594547e-01
9.384367743377698412e-01
2.310927796331659345e-01
7.107556273383318635e-01
8.223282621809047122e-01
5.844179655977518317e-01
9.714944283373471157e-01
1.107720161873529813e-01
3.940063064685671579e-01
9.550613477262587248e-01
1.716766792222441662e-01
5.688151881338673332e-01
9.810578795284017328e-01
7.433326617455089658e-02
2.752313268574970717e-01
7.979161742950346969e-01
6.449838123736419959e-01
9.159187765984182494e-01
3.080462850915002271e-01
8.526150853313055888e-01
5.026504063871842787e-01
9.999719013839311055e-01
1.123913061466781329e-04
4.495146973639230974e-04
1.797250535603107675e-03
7.176081704461528127e-03
2.849834222332968403e-02
1.107447468554066672e-01
3.939213915973542313e-01
9.549893153574324778e-01
1.719388916422994462e-01
5.695036367324681770e-01
9.806769779238444507e-01
7.579857157599981243e-02
2.802125924921514133e-01
8.067739820039155907e-01
6.235588958618450972e-01
9.389327970136068791e-01
2.293519988232471107e-01
7.069986378361134971e-01
8.286062557359741287e-01
5.680717147647342813e-01
9.814649665959546132e-01
7.276594376302523981e-02
2.698842447652059495e-01
7.881869567708814639e-01
6.677931117885523848e-01
8.873818865452574034e-01
3.997410959065492708e-01
9.597926085999209933e-01
1.543630283075194398e-01
5.221403351970055340e-01
9.980392222294569571e-01
7.827732484310349209e-03
3.106583635385768566e-02
1.204030006619720705e-01
4.236244723742608742e-01
9.766671151195599476e-01
9.115384545438473540e-02
3.313792876530515241e-01
8.862682214704307171e-01
4.031874443282811304e-01
9.625093162572413430e-01
1.443405295010364298e-01
4.940253641775874116e-01
9.998572149071582871e-01
5.710588210359004470e-04
2.282930851435270234e-03
9.110876312651340972e-03
3.611147298186763444e-02
1.392297380037899046e-01
4.793792722367437031e-01
9.982991423460546576e-01
6.791858948745431619e-03
2.698291840306311223e-02
1.050193620700669989e-01
3.759611826418526870e-01
9.384574871535685814e-01
2.310201278359129695e-01
7.105993134823656021e-01
8.225917166430252170e-01
5.837383374132245617e-01
9.719515633890758455e-01
1.090468872584284959e-01
3.886226545507043273e-01
9.503803476826729879e-01
1.886301696849383980e-01
6.121953150782789566e-01
9.496488450979428952e-01
1.912636644083446358e-01
6.187275003417470609e-01
9.436151226504018164e-01
2.128224918234758178e-01
6.701163151900895176e-01
8.842417572245844237e-01
4.094330880198541189e-01
9.671905378175220669e-01
1.269320054950979215e-01
4.432810859043613827e-01
9.871318591352461480e-01
5.081020726175481533e-02
1.929141203990893394e-01
6.227930501989399348e-01
9.396874672913624327e-01
2.266997244276283685e-01
7.012278374882630061e-01
8.380294296791888087e-01
5.429444186830494345e-01
9.926231076158997801e-01
2.928989537141449620e-02
1.137279896021843595e-01
4.031757359329192214e-01
9.625002475514727873e-01
1.443740840593055463e-01
4.941208316453685190e-01
9.998617415178316925e-01
5.529574670416639946e-04
2.210606820325227394e-03
8.822880151244634830e-03
3.498014774832563373e-02
1.350261480473237685e-01
4.671763495633038388e-01
9.956904318880381854e-01
1.716398293860070534e-02
6.747752251313651750e-02
2.516972258745026614e-01
7.533829294463288972e-01
7.431883642607868268e-01
7.634376779526514945e-01
7.224023593396603493e-01
8.021487622406103801e-01
6.348245019058683658e-01
9.272894147433380363e-01
2.696950241931826420e-01
7.878384724744851297e-01
6.685960550542202618e-01
8.863014808806173317e-01
4.030846634777681681e-01
9.624296701871302151e-01
1.446352005224878778e-01
4.948634371692303691e-01
9.998944628891420772e-01
4.221038911046183788e-04
1.687702877638930839e-03
6.739418146542960550e-03
2.677599355835602948e-02
1.042361589092756224e-01
3.734839283404634558e-01
9.359747344473561270e-01
2.397041236942292208e-01
7.289842271128434970e-01
7.902648949341348761e-01
6.629851630755025926e-01
8.937433464690073270e-01
3.798647084455490375e-01
9.422700468925081507e-01
2.175888224867945642e-01
6.809757072624190721e-01
8.689911735234687740e-01
4.553820554470934256e-01
9.920369560954950261e-01
3.159853534511960355e-02
1.224002716366513199e-01
4.296737805597011239e-01
9.802168914369397967e-01
7.756694871456951135e-02
2.862012687267234123e-01
8.171604100237489510e-01
5.976370972542698334e-01
9.618679889590410204e-01
1.467118430997246536e-01
5.007499127760257629e-01
9.999977505233134112e-01
8.997886505773800524e-06
3.599122217524891663e-05
1.439597072287009854e-04
5.757559313255824693e-04
2.301697745732503644e-03
9.185599732879174903e-03
3.640489796170601894e-02
1.403183254644151667e-01
4.825163720131105394e-01
9.987772910096642809e-01
4.884855892242685564e-03
1.944397630061883014e-02
7.626363234495921184e-02
2.817899629060484079e-01
8.095375188458250326e-01
6.167460977070819972e-01
9.454813946806738256e-01
2.061853079734468630e-01
6.546917069973670067e-01
9.042819031449630396e-01
3.462245711579469143e-01
9.054124699377706920e-01
3.425629168758246856e-01
9.008542594294061123e-01
3.572634507892095135e-01
9.185051100775823985e-01
2.994138913558025417e-01
8.390608520759128552e-01
5.401509543582238004e-01
9.935516034564952914e-01
2.562725890208970153e-02
9.988201001301985626e-02
3.596223763551154029e-01
9.211764911192605876e-01
2.904414533138696131e-01
8.243408620431876832e-01
5.792120208363276124e-01
9.749018230201007551e-01
9.787303396873960060e-02
3.531756127619741781e-01
9.137703972487130066e-01
3.151762334425689538e-01
8.633607012620969634e-01
4.718760031132684940e-01
9.968361631964605118e-01
1.261530776088022957e-02
4.982464708391401431e-02
1.893686065075097513e-01
6.140325495076547346e-01
9.479863106111371396e-01
1.972330620200870299e-01
6.333287250650700972e-01
9.288938042900918290e-01
2.642004185662896187e-01
7.775942295827479311e-01
6.917657748094425685e-01
8.529035504469366646e-01
5.018363363277856815e-01
9.999865114755650541e-01
5.395336997861770569e-05
2.158018360499426309e-04
8.630210624700003670e-04
3.449105028462933886e-03
1.374883481186226115e-02
5.423921741271354319e-02
2.051892988286797559e-01
6.523466018994981130e-01
9.071620515587033307e-01
3.368762550820312285e-01
8.935625753757497902e-01
3.804339970544290406e-01
9.428158837584789120e-01
2.156563723647891562e-01
6.765948056929942389e-01
8.752570984090144446e-01
4.367284403745890220e-01
9.839868389702722817e-01
6.302695881425490754e-02
2.362182451075244827e-01
7.216767431433838142e-01
8.034376861973689943e-01
6.317022823807481036e-01
9.306180352628067309e-01
2.582724308256005297e-01
7.662711292041436417e-01
7.163987430094009845e-01
8.126863360958048732e-01
6.089090208759254663e-01
9.525553006873889172e-01
1.807747992789880132e-01
5.923810848985184840e-01
9.658629406118909300e-01
1.318868822577671240e-01
4.579709301843719604e-01
9.929342291617322402e-01
2.806338288291537753e-02
1.091033176963290829e-01
3.887991350559318882e-01
9.505374705427644955e-01
1.880639505477104678e-01
6.107836042083951700e-01
9.509079721543906016e-01
1.867280025904612395e-01
6.074426225561517789e-01
9.538243314330252520e-01
1.761739047974705819e-01
5.805466402635294232e-01
9.740489549690303228e-01
1.011103531710810383e-01
3.635481986108011765e-01
9.255236235905706099e-01
2.757185830654015346e-01
7.987913840712352886e-01
6.428948352191822257e-01
9.183242642707309944e-01
3.000192396894064695e-01
8.400307820223877897e-01
5.375162691089736544e-01
9.943701182085722401e-01
2.239274488976924007e-02
8.756523946428380889e-02
3.195902732073857555e-01
8.698093219144571453e-01
4.529642617006776062e-01
9.911505572905505712e-01
3.508452029272640660e-02
1.354143869142227230e-01
4.683093229234716603e-01
9.959828039457249149e-01
1.600423276054640728e-02
6.299238917717063513e-02
2.360973923316900536e-01
7.214216546634643068e-01
8.038898033843742130e-01
6.306039495960255037e-01
9.317704333996753574e-01
2.542971713674260226e-01
7.585204800078079179e-01
7.326686456661303248e-01
7.834612052955547412e-01
6.785989803695654521e-01
8.724096168438062460e-01
4.452443091289977062e-01
9.880072572689569954e-01
4.739566741132007766e-02
1.805972724878224522e-01
5.919275906311266544e-01
9.661972723230239923e-01
1.306404131142888392e-01
4.542939823024671475e-01
9.916438397849312025e-01
3.314533920611559270e-02
1.281869027801085248e-01
4.470200829430061029e-01
9.887725135545362143e-01
4.440571997432284784e-02
1.697354080315394975e-01
5.637011971676251232e-01
9.837686299176453542e-01
6.387165083041715374e-02
2.391682522024577151e-01
7.278671973635171266e-01
7.923061614627837645e-01
6.582284318835719406e-01
8.998550533746633162e-01
3.604637451629805756e-01
9.221185343442334093e-01
2.872637718523049499e-01
8.189731889339673110e-01
5.930244189651823206e-01
9.653858299047609615e-01
1.336641172954275980e-01
4.631920841722471094e-01
9.945807093296682444e-01
2.155968783584884252e-02
8.437947078507837539e-02
3.090383027804339267e-01
8.541345207800910000e-01
4.983549647674211935e-01
9.999891754363341434e-01
4.329778597871217731e-05
1.731836451217660781e-04
6.926146101873136875e-04
2.768539580756275084e-03
1.104349907738424313e-02
4.368616082204822976e-02
1.671107206987134663e-01
5.567389109050802087e-01
9.871227839572215279e-01
5.084557339906432133e-02
1.930412042591387323e-01
6.231051908692808450e-01
9.393804479241517624e-01
2.277792879278870419e-01
7.035835356758071146e-01
8.342149760069494935e-01
5.532013992506966682e-01
9.886784444710718933e-01
4.477351163733401390e-02
1.710753771719821237e-01
5.672343699897847147e-01
9.819181579683069483e-01
7.101955608173579626e-02
2.639031149427559231e-01
7.770330434650658535e-01
6.930107713139317394e-01
8.509873686272045878e-01
5.072314682566032573e-01
9.997908234674149908e-01
8.365311110528997904e-04
3.343325307012561497e-03
1.332858993161620438e-02
5.260375448820409083e-02
1.993463980077953557e-01
6.384296464364519474e-01
9.233489319499156300e-01
2.831027272674628281e-01
8.118222923247494505e-01
6.110674320373540302e-01
9.506561021625109520e-01
1.876363103347699623e-01
6.097157015148954029e-01
9.518498593643774930e-01
1.833268183695691278e-01
5.988723841442405993e-01
9.608970066145349209e-01
1.502957971750454036e-01
5.108278821062520736e-01
9.995310278763723799e-01
1.875008755099521161e-03
7.485972389071285198e-03
2.971973042584538996e-02
1.153458721970418710e-01
4.081648078565822124e-01
9.662651899359260277e-01
1.303870906160592980e-01
4.535451888669553289e-01
9.913678020903726740e-01
3.423073227550540998e-02
1.322359569735523377e-01
4.589984346273646154e-01
9.932754865479741513e-01
2.671717748343748963e-02
1.040134796430239594e-01
3.727787027822968002e-01
9.352589661369792307e-01
2.421985295894718559e-01
7.341536074166783443e-01
7.806883525350243325e-01
6.848561950046956337e-01
8.633127486735437950e-01
4.720153866050976199e-01
9.968674456525514760e-01
1.249096580283522162e-02
4.933976630459049190e-02
1.876214150623955468e-01
6.096784786895192987e-01
9.518825252494106381e-01
1.832087334968630354e-01
5.985731738693538251e-01
9.611333175732885703e-01
1.494242536954103751e-01
5.083865844119200839e-01
9.997186608076069625e-01
1.125040162607444548e-03
4.495097788959859231e-03
1.789956753931018843e-02
7.031669208486344969e-02
2.614890195964237884e-01
7.724500489076995269e-01
7.030838834007685501e-01
8.350277452114521770e-01
5.510256397541211104e-01
9.895855363507306546e-01
4.122401038466957240e-02
1.580983654098969127e-01
5.324130890584625186e-01
9.957975666307526952e-01
1.673909169209736661e-02
6.583557800568369534e-02
2.460050186973649078e-01
7.419461978922962109e-01
7.658481493018474140e-01
7.172990460511305955e-01
8.111244983410744736e-01
6.128061861280590383e-01
9.490990574849668127e-01
1.932401462644579015e-01
6.235935685445952448e-01
9.388985192576497774e-01
2.294723591737697077e-01
7.072591821959764991e-01
8.281745255818200313e-01
5.692059230365893452e-01
9.808421608666146874e-01
7.516326533249857722e-02
2.780549955082199931e-01
8.029616599245750219e-01
6.328569304629846348e-01
9.293961441118147038e-01
2.624758056876226320e-01
7.743290284650240496e-01
6.989743365657441476e-01
8.416368535528878647e-01
5.331370411779305929e-01
9.956077460078884833e-01
1.749184838792118904e-02
6.874353451158067563e-02
2.560714438977431673e-01
7.619954380714725195e-01
7.254335617189487939e-01
7.967188370028356337e-01
6.478317270707386610e-01
9.125831218851305771e-01
3.191006701420779357e-01
8.691017298278187475e-01
4.550556521524475873e-01
9.919200223862328913e-01
3.205876630211252493e-02
1.241240072211962364e-01
4.348689522101946703e-01
9.830317864552082785e-01
6.672117309556027664e-02
2.490778326252502395e-01
7.481522636798322301e-01
7.536818161223001189e-01
7.425821446755660471e-01
7.646156123384110215e-01
7.199143108270711355e-01
8.065507835738173759e-01
6.241064683611142749e-01
9.383903380437269570e-01
2.312556460396272273e-01
7.111058888576874404e-01
8.217372147584228737e-01
5.859406585579699511e-01
9.704568128264896565e-01
1.146815490605651161e-01
4.061187654625372234e-01
9.647452552068875864e-01
1.360473910507397077e-01
4.701539937561072802e-01
9.964368636451581551e-01
1.420176165663459764e-02
5.600028648993096714e-02
2.114570176119064948e-01
6.669717892583374441e-01
8.884816863674773746e-01
3.963279174283237949e-01
9.570083971810061652e-01
1.645732996241908719e-01
5.499557146999887181e-01
9.900177062752533175e-01
3.953059014695826240e-02
1.518716903583658684e-01
5.152267201042339817e-01
9.990725879794692954e-01
3.706207709899518934e-03
1.476988693724240118e-02
5.820694950841391602e-02
2.192756021493554863e-01
6.847752498055722503e-01
8.634324282371534931e-01
4.716674804225851059e-01
9.967890733375815993e-01
1.280246644954788522e-02
5.055425320942434630e-02
1.919940827674470329e-01
6.205294197989349447e-01
9.418906358517283861e-01
2.189306637862207250e-01
6.840001129613820785e-01
8.645758337207944955e-01
4.683378458671504374e-01
9.959900319826706649e-01
1.597555269531732505e-02
6.288133764558585803e-02
2.357091000859507235e-01
7.206012808904880274e-01
8.053402994779039759e-01
6.270692060589756478e-01
9.354136674861663892e-01
2.416597526649845173e-01
7.330412664275320900e-01
7.827670725674080732e-01
6.801711306866327078e-01
8.701534546684012161e-01
4.519456799881914066e-01
9.907631293128108529e-01
3.660620362838917091e-02
1.410647579372243110e-01
4.846619680213464787e-01
9.990589791000873410e-01
3.760541518314346361e-03
1.498559938321352043e-02
5.904412477735740405e-02
2.222316644265329988e-01
6.913790070109833152e-01
8.534963027019599746e-01
5.001614559041771546e-01
9.999998957279639944e-01
4.170881005317850466e-07
1.668351706277205854e-06
6.673395691519160113e-06
2.669340462923641775e-05
1.067707683655428724e-04
4.270374734742620327e-04
1.707420449882042935e-03
6.818020661157470075e-03
2.708614102168600130e-02
1.054099279449573490e-01
3.771947001423849866e-01
9.396754333075250099e-01
2.267420533833605090e-01
7.013203784434312027e-01
8.378804208935746178e-01
5.433472847071234568e-01
9.924840516340782681e-01
2.983783554433012269e-02
1.157901564574385228e-01
4.095311845000017548e-01
9.672615736881090553e-01
1.266664870180473357e-01
4.424883523382167061e-01
9.867696415329075821e-01
5.222126432769861465e-02
1.979768155188609824e-01
6.351279841434874784e-01
9.269617116052696337e-01
2.708147872923942212e-01
7.898965531046778787e-01
6.638399539921067127e-01
8.926258779034573765e-01
3.833796800021574969e-01
9.455988038544033136e-01
2.057668240141000138e-01
6.537073525970016341e-01
9.054961990304840613e-01
3.422913302873202279e-01
9.005119019898274457e-01
3.583608654579634178e-01
9.197534222647314461e-01
2.952282579881841951e-01
8.322741346937854168e-01
5.583755976539845900e-01
9.863691583941603946e-01
5.378016705182447205e-02
2.035514427348093236e-01
6.484730115815479090e-01
9.118230593276221985e-01
3.216070712241510532e-01
8.727038518510996656e-01
4.443673552614141875e-01
9.876200353575611546e-01
4.890680447156323801e-02
1.860597157917740774e-01
6.057659918050333214e-01
9.552542199099904874e-01
1.709743810165840761e-01
5.669685682103200453e-01
9.820608434874388282e-01
7.046937270471602399e-02
2.620137608612794211e-01
7.734501999224309143e-01
7.008999526495303112e-01
8.385568361016658701e-01
5.415170749153189744e-01
9.931053299619031494e-01
2.738853425265047950e-02
1.065536097765674844e-01
3.807997520806018499e-01
9.431652035838159476e-01
2.144184093300598726e-01
6.737726202817070353e-01
8.792123057617186044e-01
4.247921086355233578e-01
9.773750923060363638e-01
8.845208498321303903e-02
3.225132545813420015e-01
8.739938208027698829e-01
4.405144880053826206e-01
9.858458954509529137e-01
5.581506349384692672e-02
2.107989687240990617e-01
6.654510540358214987e-01
8.905037948737426490e-01
3.900271447568237071e-01
9.516238844386535334e-01
1.841434680181668893e-01
6.009386048176369455e-01
9.592455922298757098e-01
1.563739440697228811e-01
5.276845347432082001e-01
9.969342661442084363e-01
1.222534052686806774e-02
4.830352630348073995e-02
1.838811826005187222e-01
6.002755731438137454e-01
9.597792377227186700e-01
1.544122102364630100e-01
5.222763182654134306e-01
9.980150625781519791e-01
7.923989781117472125e-03
3.144480066826486897e-02
1.218241007167918388e-01
4.279319568053471801e-01
9.792247886003745405e-01
8.137440796370533358e-02
2.990104547690471404e-01
8.384128108314190531e-01
5.419070778607126826e-01
9.929751873007046648e-01
2.790185882334061604e-02
1.084933803901719368e-01
3.868902672067415782e-01
9.488247533897506969e-01
1.942253629785178903e-01
6.260074854175234904e-01
9.364884544750103901e-01
2.379113164400671332e-01
7.252380877992854469e-01
7.970712152180855492e-01
6.469947723553995944e-01
9.135701476007369592e-01
3.158389320540185841e-01
8.643388042119825032e-01
4.690289429815307498e-01
9.961631745086348966e-01
1.528841704605565788e-02
6.021872540112613303e-02
2.263697220487596029e-01
7.005058839533077064e-01
8.391895620004108380e-01
5.398017641198777916e-01
9.936632782917824702e-01
2.518627066484053698e-02
9.820768973935171953e-02
3.542517576616437958e-01
9.150297994211192831e-01
3.110010623698619692e-01
8.571176062987166944e-01
4.898680610858991424e-01
9.995893752553636213e-01
1.641824527821883917e-03
6.556515760166904856e-03
2.605411144501434961e-02
1.015011788873004944e-01
3.647947582871549077e-01
9.268781704534845289e-01
2.711001103611432317e-01
7.904193620932767894e-01
6.626263764853367322e-01
8.942106466849980562e-01
3.783918641607825206e-01
9.408458451908416897e-01
2.226197631118897735e-01
6.922408167355833530e-01
8.521738735233433948e-01
5.038942512302565513e-01
9.999393392294225746e-01
2.426283633933532457e-04
9.702779794825212075e-04
3.877346160500209742e-03
1.544924938900745642e-02
6.084228032929483304e-02
2.285619890145053346e-01
7.052856247689539559e-01
8.314312490528809052e-01
5.606133086049889247e-01
9.853041072798255362e-01
5.791969382932634497e-02
2.182600115841737409e-01
6.824903157098003437e-01
8.667891386885495653e-01
4.618629109604477923e-01
9.941822497583571172e-01
2.313561609507498729e-02
9.040143745190518110e-02
3.289160702341378251e-01
8.829211559034781942e-01
4.134855534461766013e-01
9.700610021499426194e-01
1.161706170311665592e-01
4.107000190790583427e-01
9.681020536300777302e-01
1.235218695492153324e-01
4.330568691691278893e-01
9.820744689382429060e-01
7.041682559164430533e-02
2.618331850609610378e-01
7.731062730471742750e-01
7.016518544891291453e-01
8.373461183243803285e-01
5.447903858058927851e-01
9.919752853574370643e-01
3.184127438987348346e-02
1.233096305404090820e-01
4.324174622255875788e-01
9.817304023518803602e-01
7.174327779958183937e-02
2.663847195606154350e-01
7.816956029809107864e-01
6.825903490448843591e-01
8.666430577426691428e-01
4.622914728364231340e-01
9.943122679166150890e-01
2.262152714853018012e-02
8.843917463199396645e-02
3.224707480896225609e-01
8.739334588645670809e-01
4.406950733663244635e-01
9.859317027078975393e-01
5.548152121361393102e-02
2.096132880697489653e-01
6.627022301373496349e-01
8.941119372333317106e-01
3.787031237207616474e-01
9.411482712195965439e-01
2.215528111998451566e-01
6.898686521971636454e-01
8.557995796513300224e-01
4.936266364797474715e-01
9.998375209497548655e-01
6.498106032134638938e-04
2.597553397573660900e-03
1.036322445568165808e-02
4.102331213825127776e-02
1.573615999978355273e-01
5.303957073758269747e-01
9.963044038924924184e-01
1.472775470767102510e-02
5.804339179576679247e-02
2.186974258584396258e-01
6.834754471253277064e-01
8.653470412086443631e-01
4.660861579203564586e-01
9.953994052615879884e-01
1.831771706585963097e-02
7.192871322941898904e-02
2.670198937703159858e-01
7.828810804048206284e-01
6.799131773960056524e-01
8.705249943970936322e-01
4.508449141081349310e-01
9.903351101238533349e-01
3.828591911931449043e-02
1.472804300660152110e-01
5.023556199423392377e-01
9.999778042187490446e-01
8.878115439300043508e-05
3.550930891985003214e-04
1.419867992386015165e-03
5.671407869080851392e-03
2.255697200745351849e-02
8.819262008523390262e-02
3.216587273909420341e-01
8.727775619367267312e-01
4.441475572660394389e-01
9.875220185625986913e-01
4.928912566659671146e-02
1.874388310304765937e-01
6.092220626096200853e-01
9.522821641572009055e-01
1.817633759411150796e-01
5.949018044304158481e-01
9.639745900634043574e-01
1.389103191019835093e-01
4.784569693958745096e-01
9.981435913295589879e-01
7.411849669157294547e-03
2.942765661455643000e-02
1.142466785629287357e-01
4.047775000010703228e-01
9.637307019758154514e-01
1.398153441800697172e-01
4.810680548475134710e-01
9.985663258109729323e-01
5.726475069387140966e-03
2.277473021066731343e-02
8.902416749799452189e-02
3.243954603971341277e-01
8.766521826834620112e-01
4.325325331191358647e-01
9.817925636507179865e-01
7.150370244347542537e-02
2.655636919214013902e-01
7.801584698179055977e-01
6.860449271571587015e-01
8.615491403163501039e-01
4.771288765460327541e-01
9.979076468478135231e-01
8.351900841892048039e-03
3.312858637687700336e-02
1.281243325661872157e-01
4.468339518826251466e-01
9.886934853103238607e-01
4.471470966099310579e-02
1.708612176037047903e-01
5.666706476907369394e-01
9.822200989459904941e-01
6.985510469007655265e-02
2.599014761552599917e-01
7.694107953903072117e-01
7.096712933086480879e-01
8.241517950491153988e-01
5.797024550657451369e-01
9.745900746259714698e-01
9.905704426605932422e-02
3.569789849893251765e-01
9.181799570612652062e-01
3.005020940489535608e-01
8.408023420845897045e-01
5.354150545186331378e-01
9.949830956537689675e-01
1.996694006804720228e-02
7.827304548946485696e-02
2.885855033570760564e-01
8.212156424368763918e-01
5.872820442154590426e-01
9.695273790302826322e-01
1.181761613638132313e-01
4.168422249965088033e-01
9.723391378258748885e-01
1.075829555116366576e-01
3.840354527800714513e-01
9.462088951523078828e-01
2.035904875478268539e-01
6.485656037114601036e-01
9.117130455753975626e-01
3.219694724121224261e-01
8.732205249871277664e-01
4.428257589133309802e-01
9.869244246246537955e-01
5.161841881579937868e-02
1.958158306190244113e-01
6.298879643920237692e-01
9.325164668243854926e-01
2.517180237030009482e-01
7.534242409842255572e-01
7.431046163262766679e-01
7.636005820834153024e-01
7.220589325011385062e-01
8.027593219858192297e-01
6.333471718027481323e-01
9.288741270888335455e-01
2.642679324551642228e-01
7.777215693241479322e-01
6.914829197285299323e-01
8.533371658089494716e-01
5.006113890323957705e-01
9.999985048138042565e-01
5.980735840647016879e-06
2.392280028578328268e-05
9.568891194163907496e-05
3.827190222950819652e-04
1.530290193780222026e-03
6.111793622812168071e-03
2.429775840609727997e-02
9.482950937014483772e-02
3.433474940910498097e-01
9.018399695697852936e-01
3.540985554246161016e-01
9.148510738832646982e-01
3.115943459916082348e-01
8.580132381506807571e-01
4.873060852354557659e-01
9.993554581118018199e-01
2.576505815810152273e-03
1.027946973436499531e-02
4.069520894538107558e-02
1.561564356570914192e-01
5.270864130398562608e-01
9.970653049145372648e-01
1.170433060087238374e-02
4.626935698423146476e-02
1.765140143539888629e-01
5.814272683625146820e-01
9.734783998680760497e-01
1.032728194334651267e-01
3.704301767989121585e-01
9.328466436625553193e-01
2.505751322802434178e-01
7.511489414519276764e-01
7.476968368303048562e-01
7.545851080970453761e-01
7.407456909408628443e-01
7.681660491736261864e-01
7.123478802824332323e-01
8.196335109582295608e-01
5.913376746900613767e-01
9.666297167288501191e-01
