1.691000000000000142e-02
3.148399999999999810e-02
-1.285599999999999937e-02
-1.133800000000000086e-02
-3.416999999999999899e-03
-4.585999999999999799e-03
4.353000000000000098e-03
2.155200000000000171e-02
-4.381999999999999611e-03
-1.737299999999999955e-02
8.047999999999999599e-03
2.818199999999999872e-02
-1.387900000000000071e-02
1.215100000000000034e-02
7.357999999999999957e-03
-1.249100000000000037e-02
4.166999999999999697e-03
-1.680999999999999855e-02
-5.637999999999999783e-03
8.179999999999999771e-03
3.559999999999999797e-03
-1.059399999999999925e-02
-2.382599999999999996e-02
-7.367000000000000284e-03
1.498999999999999898e-03
-1.101399999999999949e-02
-1.260299999999999962e-02
-2.448499999999999982e-02
-3.740199999999999775e-02
-6.638999999999999936e-03
2.413099999999999967e-02
-3.762999999999999678e-02
-1.082000000000000062e-03
2.095999999999999946e-02
1.716200000000000017e-02
1.835000000000000173e-02
5.772000000000000221e-03
2.082799999999999929e-02
-1.169199999999999927e-02
2.124000000000000020e-03
-2.178099999999999828e-02
-1.020300000000000026e-02
1.290000000000000001e-02
2.061599999999999891e-02
6.817000000000000143e-03
-1.446799999999999996e-02
1.482999999999999943e-03
1.479199999999999959e-02
4.081900000000000112e-02
1.719100000000000142e-02
-1.965000000000000080e-02
-1.452999999999999951e-02
-5.961000000000000153e-03
-1.579699999999999854e-02
1.423999999999999919e-03
-2.230000000000000038e-02
1.844900000000000012e-02
-2.909000000000000127e-03
-1.753999999999999917e-03
-1.344300000000000009e-02
-2.993499999999999980e-02
6.647000000000000131e-03
1.802899999999999989e-02
3.729999999999999809e-03
-5.500999999999999814e-03
-2.168099999999999888e-02
-1.405999999999999915e-03
-2.781199999999999992e-02
1.582899999999999932e-02
8.066000000000000253e-03
-1.147999999999999932e-03
-7.811000000000000235e-03
3.837999999999999832e-03
7.108999999999999868e-03
-4.648000000000000222e-03
4.242000000000000111e-03
-1.584599999999999898e-02
-1.415899999999999971e-02
5.743999999999999974e-03
2.462999999999999912e-03
1.902500000000000024e-02
9.341000000000000345e-03
4.377500000000000141e-02
-1.214400000000000028e-02
-6.352000000000000007e-03
-1.829700000000000076e-02
-6.669999999999999714e-03
1.156899999999999942e-02
-1.383500000000000008e-02
1.004000000000000031e-02
3.514999999999999895e-03
1.471800000000000018e-02
-4.460000000000000422e-03
5.054000000000000332e-03
-3.154300000000000159e-02
-3.159499999999999809e-02
-4.087999999999999620e-03
-2.084599999999999995e-02
2.439900000000000055e-02
-6.409999999999999899e-03
-1.532500000000000008e-02
-1.648399999999999865e-02
-3.810000000000000019e-03
-8.068999999999999784e-03
-7.079000000000000223e-03
-3.301300000000000068e-02
-1.299100000000000081e-02
2.725299999999999945e-02
-4.591999999999999728e-03
-2.208299999999999846e-02
1.258800000000000023e-02
1.866400000000000003e-02
-1.375499999999999987e-02
1.030999999999999972e-02
2.194300000000000070e-02
4.571000000000000410e-03
-1.140900000000000074e-02
1.108899999999999990e-02
1.084300000000000021e-02
1.564000000000000069e-03
2.549000000000000050e-03
-1.840899999999999828e-02
2.365300000000000041e-02
-2.671199999999999963e-02
1.794400000000000162e-02
-1.834600000000000120e-02
1.860799999999999954e-02
9.020000000000000240e-04
-5.838999999999999573e-03
-2.244499999999999967e-02
7.365000000000000019e-03
-1.134399999999999992e-02
-4.748999999999999749e-03
-2.938899999999999846e-02
1.256900000000000031e-02
-2.501099999999999851e-02
2.206199999999999828e-02
-7.524999999999999571e-03
-3.751499999999999974e-02
1.145400000000000064e-02
-2.248999999999999957e-02
1.493500000000000036e-02
-7.373000000000000213e-03
-1.662399999999999989e-02
3.346199999999999869e-02
3.906000000000000184e-03
1.196299999999999968e-02
-5.520999999999999866e-03
-9.733000000000000332e-03
1.529999999999999893e-03
1.657099999999999893e-02
-8.009999999999999542e-04
-1.640600000000000044e-02
-2.605000000000000111e-03
1.372600000000000035e-02
2.544599999999999987e-02
-2.529500000000000151e-02
9.459000000000000394e-03
8.505999999999999672e-03
6.803000000000000019e-03
1.546499999999999958e-02
2.721799999999999914e-02
-2.658399999999999999e-02
1.559999999999999972e-04
8.658000000000000765e-03
-1.995200000000000098e-02
-5.290999999999999696e-03
4.956999999999999601e-03
-3.170000000000000075e-03
-2.194999999999999903e-03
4.490000000000000176e-04
-3.697999999999999898e-03
1.948499999999999885e-02
-2.580800000000000108e-02
-2.048200000000000021e-02
1.247900000000000051e-02
1.049500000000000086e-02
-2.509700000000000125e-02
-1.233500000000000048e-02
3.851999999999999869e-02
1.360100000000000024e-02
-3.196000000000000056e-03
-1.756599999999999828e-02
-7.860000000000000233e-04
1.438700000000000048e-02
-2.216500000000000067e-02
1.322699999999999917e-02
9.518000000000000418e-03
-1.368399999999999998e-02
-2.191399999999999945e-02
-1.145700000000000017e-02
-7.407999999999999655e-03
-1.577999999999999976e-03
9.228000000000000091e-03
-4.213999999999999864e-03
1.772599999999999870e-02
-2.421500000000000041e-02
1.848999999999999949e-02
-2.455999999999999850e-03
1.556000000000000091e-03
6.501999999999999967e-03
1.861000000000000154e-02
-8.024999999999999148e-03
1.395599999999999966e-02
-5.113000000000000357e-03
-6.950999999999999714e-03
1.083100000000000035e-02
4.615000000000000178e-03
8.791999999999999468e-03
-2.477299999999999988e-02
-5.980000000000000072e-03
-3.809400000000000286e-02
4.290000000000000410e-03
-9.133999999999999758e-03
-2.530999999999999830e-03
-1.112600000000000047e-02
-1.235900000000000019e-02
2.112500000000000142e-02
-2.607399999999999995e-02
2.959999999999999958e-03
-1.005499999999999970e-02
3.416999999999999899e-03
-1.412300000000000014e-02
3.128000000000000138e-03
-1.198999999999999979e-03
-9.530000000000000276e-03
-4.261000000000000031e-03
-6.786999999999999630e-03
-8.925000000000000641e-03
-2.237199999999999953e-02
1.885399999999999923e-02
-1.745199999999999876e-02
8.118000000000000216e-03
1.527700000000000065e-02
4.400000000000000157e-04
3.895000000000000025e-03
9.906999999999999140e-03
9.750999999999999251e-03
1.879000000000000115e-02
-5.987000000000000134e-03
2.621000000000000066e-03
-1.484999999999999992e-03
9.433999999999999678e-03
1.259599999999999956e-02
1.502200000000000063e-02
1.419899999999999982e-02
1.875999999999999890e-02
-1.138899999999999982e-02
1.672299999999999828e-02
9.877000000000000363e-03
8.567999999999999228e-03
1.117699999999999944e-02
6.015000000000000381e-03
-1.267899999999999930e-02
-1.086499999999999966e-02
-2.886000000000000024e-02
-2.175699999999999856e-02
-2.428299999999999903e-02
-1.493399999999999936e-02
-1.288000000000000082e-03
4.300000000000000003e-03
3.960000000000000325e-02
4.185000000000000352e-03
8.847999999999999962e-03
-5.779999999999999548e-04
1.134600000000000018e-02
1.142300000000000086e-02
-1.798900000000000152e-02
8.489999999999999283e-03
2.237499999999999906e-02
-9.049999999999999885e-04
3.544999999999999974e-03
5.349999999999999721e-03
1.879600000000000021e-02
7.033000000000000189e-03
-6.205999999999999711e-03
1.420500000000000061e-02
3.135000000000000200e-03
-1.822899999999999868e-02
-1.323399999999999924e-02
2.364700000000000135e-02
5.577999999999999625e-03
1.261900000000000001e-02
-1.856999999999999970e-02
-3.861999999999999982e-03
-2.150300000000000128e-02
-2.468700000000000061e-02
2.781399999999999845e-02
4.501999999999999925e-03
4.225999999999999722e-03
-1.295800000000000077e-02
2.096000000000000207e-03
1.273099999999999926e-02
-1.150699999999999987e-02
2.635999999999999888e-03
1.301399999999999953e-02
-2.009299999999999975e-02
-6.199999999999999999e-04
9.013000000000000178e-03
1.667799999999999838e-02
-3.648699999999999860e-02
1.440899999999999993e-02
2.860199999999999895e-02
-1.261400000000000021e-02
2.636900000000000008e-02
-2.019900000000000168e-02
5.532999999999999724e-03
5.474999999999999832e-03
1.131000000000000061e-02
1.312100000000000072e-02
1.984000000000000086e-03
2.393599999999999894e-02
8.016999999999999821e-03
-5.475999999999999965e-03
3.818000000000000213e-03
6.942000000000000254e-03
-2.443999999999999992e-02
1.102000000000000028e-02
3.957999999999999713e-03
-4.283999999999999614e-03
-2.968999999999999851e-03
1.550600000000000069e-02
-1.077700000000000012e-02
1.989099999999999896e-02
2.389000000000000064e-03
5.041000000000000342e-03
4.922300000000000286e-02
1.420100000000000008e-02
-4.766000000000000271e-03
-5.098000000000000101e-03
-1.026000000000000002e-03
-1.683499999999999927e-02
-2.393999999999999861e-03
1.043600000000000083e-02
-5.450000000000000200e-04
1.835000000000000173e-02
1.277999999999999969e-02
-1.935999999999999874e-02
1.685599999999999946e-02
-1.597700000000000162e-02
-2.588000000000000023e-03
-2.077800000000000133e-02
2.661000000000000171e-03
4.661000000000000212e-03
2.651799999999999990e-02
-2.275500000000000092e-02
-1.014100000000000071e-02
1.453899999999999984e-02
1.902000000000000045e-03
1.366599999999999933e-02
4.928000000000000089e-03
1.304800000000000057e-02
3.984800000000000147e-02
-1.321300000000000079e-02
7.324999999999999914e-03
-1.059000000000000045e-02
1.772599999999999870e-02
3.298999999999999849e-02
-1.714000000000000029e-03
-1.735799999999999843e-02
1.127599999999999957e-02
3.248000000000000019e-03
1.062600000000000003e-02
1.132000000000000020e-02
-9.754999999999999782e-03
-1.549400000000000083e-02
-1.682300000000000115e-02
-2.325199999999999836e-02
8.809000000000000857e-03
5.781999999999999813e-03
2.077999999999999986e-03
2.049899999999999986e-02
-8.394999999999999685e-03
1.371600000000000076e-02
7.849999999999999990e-04
-1.329100000000000073e-02
9.523999999999999480e-03
-2.735000000000000018e-03
-2.328999999999999907e-03
8.951999999999999888e-03
-8.344999999999999987e-03
-2.716999999999999797e-03
2.098500000000000018e-02
1.275699999999999924e-02
-8.115000000000000685e-03
3.583900000000000280e-02
-2.266599999999999865e-02
-1.149799999999999954e-02
3.306100000000000011e-02
-6.041000000000000363e-03
1.639399999999999885e-02
-5.204000000000000292e-03
4.444000000000000034e-03
5.915000000000000119e-03
3.305400000000000005e-02
-7.849999999999999339e-03
-2.170700000000000060e-02
3.827999999999999806e-03
-9.868000000000000035e-03
-1.009799999999999934e-02
-1.336900000000000067e-02
-6.310999999999999770e-03
-6.140999999999999757e-03
-3.510999999999999798e-03
3.546999999999999806e-03
-3.857000000000000185e-03
3.436999999999999951e-03
2.202799999999999897e-02
-2.675500000000000100e-02
-2.769999999999999893e-03
4.695000000000000388e-03
-2.481600000000000125e-02
4.100000000000000346e-03
1.207699999999999919e-02
3.433999999999999986e-03
-1.993699999999999986e-02
-5.557000000000000307e-03
-5.905999999999999792e-03
-3.849700000000000344e-02
-5.098000000000000101e-03
-3.201999999999999985e-03
-1.660800000000000123e-02
-6.297999999999999779e-03
-1.810200000000000004e-02
1.832000000000000078e-03
2.366700000000000054e-02
4.198000000000000342e-03
-1.792600000000000096e-02
3.177999999999999835e-03
2.651000000000000145e-03
-1.802600000000000036e-02
-8.434000000000000524e-03
7.139000000000000380e-03
1.030000000000000013e-02
6.485999999999999578e-03
-2.027000000000000156e-03
6.668999999999999581e-03
-1.749099999999999960e-02
1.033000000000000064e-03
-1.741499999999999992e-02
-3.652999999999999997e-03
-1.890800000000000120e-02
-8.482999999999999222e-03
-1.480999999999999895e-03
-1.285900000000000064e-02
1.729999999999999984e-03
1.641199999999999951e-02
2.153499999999999859e-02
-6.650999999999999794e-03
2.744200000000000111e-02
-4.111100000000000171e-02
-6.520999999999999887e-03
1.672000000000000092e-03
2.507000000000000114e-03
-5.980000000000000072e-04
1.818900000000000031e-02
1.637900000000000120e-02
-4.910999999999999567e-03
3.138999999999999863e-03
7.514999999999999979e-03
3.146399999999999891e-02
-1.057899999999999986e-02
6.368000000000000396e-03
-9.502000000000000030e-03
-2.145999999999999904e-03
-1.118000000000000070e-03
1.462600000000000011e-02
-4.019400000000000056e-02
8.248999999999999388e-03
-4.413000000000000256e-03
5.259300000000000086e-02
-1.412999999999999977e-03
-1.137699999999999996e-02
1.749500000000000013e-02
-2.049899999999999986e-02
1.826099999999999945e-02
-2.421999999999999847e-02
1.297999999999999892e-03
-8.312999999999999209e-03
5.047000000000000271e-03
1.086100000000000086e-02
2.023000000000000145e-02
-1.471300000000000038e-02
1.855599999999999958e-02
-4.304899999999999699e-02
2.650299999999999878e-02
1.836600000000000038e-02
3.088499999999999926e-02
1.389999999999999905e-04
-1.238000000000000038e-02
-1.631900000000000017e-02
3.471999999999999826e-03
-1.041399999999999965e-02
-2.618900000000000047e-02
1.200000000000000025e-02
-3.456499999999999850e-02
1.414100000000000079e-02
-2.685099999999999987e-02
8.583000000000000351e-03
2.443999999999999992e-03
2.298999999999999828e-03
-9.133000000000000493e-03
-1.588600000000000081e-02
-6.803000000000000019e-03
-1.116800000000000084e-02
-2.846900000000000125e-02
2.560000000000000209e-03
2.773999999999999990e-03
-3.782999999999999904e-03
-2.732100000000000153e-02
3.209000000000000047e-02
4.073000000000000231e-03
1.074800000000000061e-02
-1.689500000000000030e-02
2.551700000000000149e-02
4.054000000000000312e-03
-1.436100000000000050e-02
-1.985699999999999965e-02
1.010499999999999940e-02
-3.139999999999999888e-04
9.853000000000000647e-03
-1.029700000000000060e-02
8.406000000000000277e-03
-1.801300000000000123e-02
-2.690400000000000083e-02
2.839399999999999910e-02
1.722800000000000026e-02
2.456699999999999856e-02
9.258999999999999869e-03
-9.331000000000000752e-03
-1.095000000000000053e-03
8.940999999999999295e-03
1.308600000000000041e-02
-2.512599999999999903e-02
2.176700000000000162e-02
8.779000000000000345e-03
1.167600000000000061e-02
1.677199999999999872e-02
3.078499999999999986e-02
-5.788999999999999875e-03
1.519299999999999991e-02
-5.468999999999999903e-03
-1.172199999999999978e-02
-1.036800000000000048e-02
2.220000000000000185e-03
-5.145000000000000268e-03
-1.720700000000000007e-02
1.057499999999999933e-02
-1.586200000000000110e-02
-3.863999999999999813e-03
-2.352599999999999830e-02
-1.476799999999999988e-02
3.119999999999999944e-04
-4.399999999999999886e-05
1.900000000000000105e-04
9.152000000000000413e-03
4.053000000000000179e-03
3.233000000000000197e-03
3.578900000000000137e-02
2.112999999999999861e-03
1.559400000000000022e-02
-4.292999999999999941e-03
-1.040899999999999985e-02
4.503000000000000058e-03
-1.218499999999999965e-02
-2.726299999999999904e-02
1.821300000000000002e-02
1.866400000000000003e-02
-2.103299999999999961e-02
-4.218999999999999660e-03
2.543799999999999881e-02
1.036600000000000021e-02
-6.329999999999999689e-03
-2.945999999999999834e-03
1.307099999999999929e-02
-1.195300000000000008e-02
2.667699999999999932e-02
8.023999999999999883e-03
1.374200000000000074e-02
-7.504000000000000253e-03
2.386800000000000033e-02
3.303500000000000186e-02
-1.200000000000000030e-05
-4.778000000000000129e-03
1.414400000000000032e-02
2.353000000000000057e-03
3.727999999999999977e-03
-1.420999999999999954e-03
1.628299999999999886e-02
1.052699999999999990e-02
-5.478000000000000230e-03
1.295800000000000077e-02
2.622899999999999884e-02
-2.356700000000000114e-02
-1.010199999999999987e-02
5.770000000000000389e-04
5.251999999999999724e-03
1.099999999999999971e-05
1.181500000000000085e-02
1.343999999999999926e-03
3.759000000000000188e-03
-3.582400000000000168e-02
8.389000000000000623e-03
-1.011899999999999952e-02
3.294099999999999806e-02
1.447999999999999982e-02
2.229499999999999885e-02
9.341999999999999610e-03
-4.775999999999999863e-03
-2.825400000000000134e-02
-3.509700000000000319e-02
7.851999999999999605e-03
3.818999999999999912e-03
1.953299999999999828e-02
1.888799999999999854e-02
-2.021699999999999886e-02
6.745000000000000127e-03
-7.100000000000000462e-05
-7.190000000000000210e-04
3.469999999999999994e-03
-2.057300000000000101e-02
-1.091699999999999962e-02
1.118599999999999976e-02
-2.120500000000000163e-02
-3.415699999999999986e-02
-1.563399999999999859e-02
9.001999999999999585e-03
-6.961000000000000174e-03
-4.257000000000000367e-03
1.843799999999999953e-02
1.144099999999999978e-02
2.337000000000000102e-03
1.299299999999999934e-02
6.740000000000000114e-04
2.359599999999999892e-02
-2.515699999999999881e-02
-1.972799999999999901e-02
3.145599999999999785e-02
-2.182900000000000118e-02
-1.143300000000000045e-02
-3.327000000000000096e-03
-8.713000000000000259e-03
1.064299999999999968e-02
-1.111799999999999941e-02
-7.009999999999999738e-03
-8.871000000000000413e-03
-8.113999999999999685e-03
1.355000000000000085e-03
-2.128800000000000137e-02
3.436700000000000171e-02
2.582999999999999793e-03
7.870000000000000476e-04
-1.197999999999999933e-02
-1.527399999999999938e-02
1.018200000000000008e-02
1.449100000000000041e-02
1.012300000000000005e-02
-1.852300000000000127e-02
-1.594999999999999890e-02
-1.087699999999999952e-02
-7.596999999999999587e-03
5.520999999999999866e-03
-7.100000000000000191e-04
1.166799999999999955e-02
2.960300000000000084e-02
8.588000000000000148e-03
-1.679999999999999896e-02
3.442999999999999880e-03
3.137600000000000111e-02
9.473000000000000517e-03
-2.410000000000000033e-04
-3.174999999999999871e-03
6.564000000000000390e-03
6.769999999999999976e-03
-1.123500000000000019e-02
-7.690999999999999920e-03
2.559099999999999916e-02
-2.276399999999999951e-02
2.174299999999999844e-02
8.779999999999999610e-03
-1.081000000000000016e-02
-9.381000000000000449e-03
-1.120799999999999921e-02
-8.419999999999999750e-04
3.445000000000000145e-03
1.711499999999999827e-02
-9.927000000000000060e-03
-1.116600000000000058e-02
1.472299999999999998e-02
2.366700000000000054e-02
1.213900000000000048e-02
1.085999999999999986e-02
9.525999999999999746e-03
1.915700000000000042e-02
3.975000000000000235e-03
1.835499999999999979e-02
-1.510799999999999990e-02
1.347500000000000087e-02
-2.484000000000000097e-03
1.069999999999999944e-02
-1.626199999999999868e-02
-3.938300000000000134e-02
-2.737300000000000150e-02
9.686000000000000165e-03
-6.220000000000000485e-04
-3.122000000000000209e-03
2.895700000000000010e-02
8.692000000000000073e-03
-9.290000000000000297e-04
4.028999999999999596e-03
-7.200000000000000453e-04
6.000000000000000152e-06
-7.370999999999999948e-03
1.373599999999999995e-02
-1.727400000000000116e-02
-8.028999999999999679e-03
2.208200000000000093e-02
2.943000000000000130e-02
2.229199999999999932e-02
-1.219399999999999998e-02
-1.492199999999999950e-02
-7.159999999999999698e-03
-1.742600000000000052e-02
1.887199999999999989e-02
-1.401400000000000041e-02
-6.340000000000000149e-03
-5.368000000000000375e-03
3.665500000000000008e-02
1.426700000000000017e-02
-1.110000000000000011e-04
1.388600000000000077e-02
-1.446700000000000069e-02
1.255999999999999955e-03
3.486299999999999816e-02
4.840999999999999817e-03
-2.252399999999999888e-02
8.762999999999999956e-03
4.192999999999999679e-03
1.140200000000000068e-02
-6.283999999999999655e-03
7.962999999999999592e-03
-4.749999999999999882e-03
-6.623000000000000415e-03
-1.045399999999999975e-02
-4.598999999999999790e-03
1.752000000000000085e-03
9.939999999999999183e-03
-5.925999999999999844e-03
-2.412299999999999861e-02
-5.399999999999999798e-05
-1.040499999999999932e-02
-9.490999999999999437e-03
2.365099999999999841e-02
9.619000000000000813e-03
9.083000000000000795e-03
-2.376699999999999993e-02
-1.948000000000000079e-03
6.189999999999999756e-04
1.013599999999999918e-02
1.411899999999999961e-02
-4.536599999999999661e-02
-1.366000000000000027e-03
2.383700000000000055e-02
1.219199999999999971e-02
8.096000000000000765e-03
-5.788999999999999875e-03
3.325100000000000278e-02
1.145999999999999970e-02
-6.974000000000000164e-03
5.705000000000000002e-03
1.729400000000000034e-02
-1.174399999999999923e-02
8.743000000000000771e-03
-1.351199999999999971e-02
1.270400000000000001e-02
2.181000000000000213e-03
1.784300000000000122e-02
-5.879999999999999810e-04
-2.394999999999999907e-02
-1.510099999999999984e-02
-4.669000000000000407e-03
3.667700000000000127e-02
1.082999999999999978e-03
1.231999999999999935e-02
1.827000000000000065e-03
-2.513100000000000056e-02
-6.531999999999999612e-03
-3.684999999999999908e-03
-1.349200000000000052e-02
-1.242599999999999955e-02
1.194300000000000049e-02
1.044100000000000063e-02
-2.589800000000000088e-02
1.891899999999999832e-02
-2.212300000000000030e-02
1.636800000000000060e-02
-1.861000000000000024e-03
-4.265999999999999827e-03
8.626999999999999252e-03
-5.713000000000000196e-03
1.486400000000000048e-02
1.057100000000000053e-02
2.759999999999999953e-02
4.917000000000000363e-03
2.095299999999999940e-02
1.228199999999999951e-02
3.180999999999999800e-03
9.681000000000000369e-03
-1.036499999999999921e-02
1.891400000000000026e-02
4.134999999999999787e-03
1.823800000000000074e-02
-6.762999999999999914e-03
-3.648000000000000201e-03
2.359400000000000039e-02
-2.602499999999999952e-02
2.370999999999999844e-03
-3.393000000000000183e-03
-2.651000000000000145e-03
1.327999999999999970e-03
1.090499999999999976e-02
-1.251999999999999988e-02
-2.033400000000000138e-02
-8.930000000000000221e-04
-6.807999999999999816e-03
2.338099999999999901e-02
7.647000000000000151e-03
-2.043999999999999984e-02
1.668999999999999911e-03
1.124900000000000032e-02
1.436999999999999909e-03
2.021900000000000086e-02
2.905000000000000030e-03
-1.192200000000000031e-02
2.965999999999999887e-03
3.259000000000000091e-02
1.112100000000000068e-02
-5.616999999999999597e-03
-2.567099999999999937e-02
2.077999999999999986e-03
3.788999999999999833e-03
1.770000000000000089e-03
-1.097700000000000065e-02
-1.755100000000000063e-02
-3.740899999999999781e-02
6.353000000000000140e-03
-3.917999999999999608e-03
-2.003999999999999879e-02
2.423999999999999939e-03
5.562000000000000104e-03
3.789000000000000007e-02
-1.229099999999999984e-02
1.741799999999999946e-02
-2.530000000000000131e-03
-1.142000000000000003e-03
-1.707600000000000090e-02
3.350299999999999806e-02
-2.267500000000000071e-02
5.727999999999999585e-03
4.370999999999999885e-02
-1.621000000000000045e-03
2.750500000000000167e-02
5.199999999999999680e-05
-1.808500000000000038e-02
-1.069999999999999988e-03
-5.415999999999999807e-03
-2.722000000000000027e-03
-1.571699999999999833e-02
-2.785000000000000149e-03
-1.030000000000000013e-02
2.307599999999999929e-02
-2.025599999999999970e-02
-3.785199999999999676e-02
-8.876000000000000209e-03
2.059599999999999972e-02
-7.213999999999999926e-03
-1.993800000000000086e-02
-1.999999999999999909e-06
1.092199999999999942e-02
2.271400000000000155e-02
2.167000000000000089e-03
-9.769999999999999171e-03
1.544000000000000017e-03
-8.642000000000000376e-03
-2.031300000000000119e-02
1.546699999999999985e-02
3.855599999999999999e-02
-3.830000000000000071e-03
-2.537299999999999972e-02
2.590200000000000141e-02
-5.538000000000000388e-03
1.162599999999999918e-02
1.222200000000000022e-02
-4.525999999999999641e-03
-2.504999999999999848e-03
-1.475199999999999949e-02
-1.098999999999999977e-02
-6.206999999999999844e-03
1.068000000000000026e-02
-9.096999999999999184e-03
1.425200000000000078e-02
1.669500000000000151e-02
-8.656000000000000499e-03
1.105300000000000032e-02
1.248600000000000057e-02
-1.426400000000000064e-02
-2.316500000000000156e-02
8.248000000000000123e-03
-4.200999999999999873e-03
-5.171000000000000249e-03
1.501500000000000057e-02
-1.000999999999999980e-02
4.751000000000000015e-03
-1.958599999999999924e-02
-5.833999999999999776e-03
-6.637999999999999803e-03
1.302900000000000065e-02
6.052000000000000088e-03
2.796500000000000027e-02
9.957000000000000572e-03
9.940000000000000918e-04
1.484599999999999982e-02
1.881700000000000039e-02
-7.697999999999999982e-03
-3.973399999999999849e-02
-2.138999999999999842e-03
9.206000000000000641e-03
-6.149999999999999868e-04
1.203999999999999992e-03
3.108599999999999905e-02
-1.817000000000000039e-03
-4.451000000000000095e-03
2.520400000000000071e-02
-3.870999999999999875e-03
1.502900000000000069e-02
9.107000000000000511e-03
2.922399999999999998e-02
-2.305000000000000191e-03
2.691999999999999948e-03
-1.041500000000000065e-02
-1.586200000000000110e-02
2.621000000000000066e-03
9.810000000000001011e-04
1.051000000000000068e-03
3.976999999999999633e-03
8.606000000000000802e-03
-5.858000000000000360e-03
-1.282999999999999939e-02
-4.105000000000000142e-03
-1.654200000000000115e-02
-2.624999999999999903e-02
-2.072000000000000057e-03
1.110099999999999976e-02
-4.078199999999999881e-02
1.607199999999999948e-02
1.889999999999999970e-03
1.675700000000000106e-02
-1.501500000000000057e-02
-2.516200000000000034e-02
6.570000000000000319e-03
-2.530999999999999917e-02
6.479000000000000384e-03
-5.307000000000000085e-03
-8.599000000000000740e-03
-2.383899999999999908e-02
-2.042800000000000171e-02
-1.569999999999999998e-03
-6.891000000000000424e-03
-1.839800000000000116e-02
-2.361399999999999957e-02
2.279799999999999882e-02
1.663999999999999898e-03
1.784000000000000169e-02
1.476099999999999982e-02
2.296499999999999930e-02
-1.185600000000000022e-02
-1.045500000000000075e-02
6.624999999999999813e-03
4.339999999999999782e-04
-1.981799999999999881e-02
-8.982999999999999666e-03
2.482499999999999984e-02
-2.941900000000000071e-02
-3.037899999999999975e-02
-3.069600000000000106e-02
-1.955000000000000140e-02
-6.098000000000000122e-03
2.191900000000000098e-02
8.196000000000000160e-03
1.490900000000000038e-02
8.089000000000000704e-03
-7.176000000000000087e-03
5.185999999999999638e-03
9.128999999999999962e-03
-3.305400000000000005e-02
2.177700000000000122e-02
-6.459999999999999597e-03
-3.198800000000000254e-02
1.376199999999999993e-02
5.233999999999999937e-03
-2.087400000000000019e-02
-1.764399999999999996e-02
1.637500000000000067e-02
3.970000000000000005e-04
1.362799999999999949e-02
-1.423800000000000066e-02
-1.314199999999999917e-02
3.089999999999999756e-04
-1.665999999999999946e-03
-1.357599999999999953e-02
8.205000000000000487e-03
-1.146000000000000100e-03
6.337999999999999884e-03
-6.263000000000000338e-03
7.986999999999999308e-03
8.701999999999999666e-03
9.634000000000000202e-03
8.552999999999999839e-03
-4.331999999999999913e-03
-1.670200000000000157e-02
3.408000000000000005e-03
-5.065000000000000058e-03
2.272899999999999920e-02
-1.646200000000000094e-02
