5.100000000000000366e-04
4.090000000000000211e-04
3.460000000000000076e-04
4.060000000000000024e-04
5.130000000000000011e-04
4.420000000000000101e-04
4.380000000000000213e-04
4.459999999999999989e-04
3.750000000000000078e-04
3.750000000000000078e-04
3.809999999999999910e-04
3.910000000000000172e-04
3.589999999999999984e-04
3.480000000000000020e-04
3.770000000000000022e-04
2.239999999999999966e-04
3.170000000000000075e-04
3.080000000000000055e-04
2.849999999999999886e-04
3.480000000000000020e-04
3.820000000000000153e-04
3.789999999999999966e-04
3.240000000000000150e-04
2.400000000000000061e-04
2.149999999999999947e-04
2.049999999999999956e-04
2.280000000000000126e-04
2.180000000000000134e-04
1.910000000000000077e-04
2.610000000000000015e-04
2.249999999999999938e-04
2.429999999999999977e-04
2.759999999999999867e-04
3.229999999999999907e-04
3.480000000000000020e-04
4.029999999999999837e-04
3.989999999999999949e-04
4.929999999999999487e-04
5.310000000000000050e-04
5.760000000000000146e-04
5.850000000000000165e-04
5.569999999999999864e-04
5.019999999999999506e-04
4.679999999999999915e-04
4.780000000000000178e-04
4.189999999999999931e-04
3.339999999999999870e-04
3.350000000000000113e-04
3.780000000000000265e-04
3.750000000000000078e-04
4.240000000000000062e-04
4.850000000000000253e-04
5.800000000000000034e-04
5.519999999999999733e-04
5.770000000000000389e-04
5.529999999999999976e-04
6.400000000000000524e-04
5.810000000000000277e-04
5.630000000000000239e-04
4.920000000000000328e-04
4.749999999999999990e-04
4.240000000000000062e-04
3.710000000000000190e-04
3.669999999999999760e-04
4.139999999999999800e-04
4.679999999999999915e-04
5.199999999999999544e-04
6.170000000000000354e-04
6.160000000000000111e-04
6.520000000000000188e-04
6.300000000000000261e-04
6.290000000000000018e-04
6.499999999999999702e-04
6.589999999999999721e-04
6.319999999999999663e-04
5.929999999999999941e-04
6.030000000000000204e-04
6.650000000000000095e-04
6.400000000000000524e-04
6.920000000000000153e-04
7.339999999999999520e-04
6.520000000000000188e-04
5.419999999999999471e-04
4.449999999999999746e-04
4.850000000000000253e-04
4.800000000000000122e-04
4.569999999999999952e-04
3.739999999999999835e-04
4.569999999999999952e-04
3.959999999999999762e-04
3.959999999999999762e-04
3.660000000000000059e-04
3.780000000000000265e-04
2.979999999999999793e-04
2.730000000000000222e-04
2.620000000000000258e-04
2.829999999999999942e-04
2.649999999999999903e-04
2.169999999999999891e-04
1.920000000000000049e-04
3.089999999999999756e-04
2.930000000000000204e-04
2.829999999999999942e-04
3.110000000000000243e-04
3.460000000000000076e-04
2.509999999999999753e-04
2.139999999999999975e-04
3.049999999999999868e-04
3.939999999999999817e-04
4.260000000000000006e-04
3.440000000000000132e-04
4.049999999999999781e-04
4.319999999999999838e-04
3.970000000000000005e-04
4.249999999999999763e-04
3.789999999999999966e-04
3.550000000000000096e-04
3.699999999999999947e-04
3.869999999999999742e-04
3.930000000000000117e-04
4.270000000000000249e-04
4.060000000000000024e-04
4.000000000000000192e-04
3.789999999999999966e-04
4.360000000000000269e-04
5.280000000000000405e-04
4.800000000000000122e-04
5.180000000000000143e-04
4.200000000000000174e-04
4.029999999999999837e-04
4.829999999999999767e-04
4.749999999999999990e-04
5.259999999999999919e-04
4.769999999999999934e-04
5.010000000000000347e-04
5.029999999999999749e-04
5.789999999999999791e-04
5.090000000000000123e-04
5.419999999999999471e-04
6.279999999999999775e-04
5.410000000000000312e-04
4.560000000000000251e-04
5.220000000000000031e-04
5.529999999999999976e-04
5.529999999999999976e-04
5.299999999999999807e-04
5.419999999999999471e-04
5.209999999999999788e-04
4.829999999999999767e-04
4.159999999999999744e-04
4.159999999999999744e-04
4.110000000000000155e-04
4.989999999999999861e-04
5.010000000000000347e-04
3.429999999999999889e-04
3.269999999999999795e-04
3.179999999999999776e-04
2.640000000000000202e-04
2.790000000000000054e-04
3.249999999999999851e-04
3.510000000000000208e-04
3.089999999999999756e-04
3.499999999999999964e-04
3.289999999999999739e-04
3.119999999999999944e-04
4.130000000000000099e-04
3.269999999999999795e-04
4.550000000000000008e-04
4.369999999999999970e-04
3.860000000000000041e-04
3.089999999999999756e-04
2.799999999999999755e-04
2.559999999999999884e-04
2.110000000000000059e-04
2.200000000000000078e-04
1.499999999999999869e-04
1.119999999999999983e-04
1.900000000000000105e-04
2.149999999999999947e-04
1.939999999999999993e-04
2.410000000000000033e-04
2.120000000000000031e-04
2.739999999999999923e-04
2.990000000000000036e-04
2.429999999999999977e-04
2.880000000000000073e-04
2.180000000000000134e-04
1.659999999999999963e-04
2.820000000000000241e-04
3.110000000000000243e-04
2.660000000000000146e-04
1.920000000000000049e-04
1.350000000000000017e-04
1.269999999999999970e-04
1.579999999999999916e-04
5.000000000000000240e-05
-5.700000000000000314e-05
-7.200000000000000182e-05
-1.060000000000000016e-04
-1.069999999999999988e-04
-1.800000000000000113e-04
-1.340000000000000045e-04
-5.099999999999999960e-05
6.499999999999999431e-05
1.500000000000000038e-05
1.090000000000000067e-04
1.240000000000000054e-04
1.060000000000000016e-04
1.520000000000000084e-04
6.899999999999999667e-05
1.019999999999999992e-04
1.259999999999999998e-04
1.100000000000000039e-04
2.320000000000000014e-04
2.759999999999999867e-04
2.180000000000000134e-04
2.100000000000000087e-04
2.489999999999999809e-04
2.610000000000000015e-04
2.530000000000000239e-04
1.279999999999999942e-04
6.600000000000000506e-05
1.600000000000000131e-04
2.090000000000000115e-04
2.069999999999999900e-04
2.220000000000000022e-04
2.280000000000000126e-04
1.689999999999999879e-04
1.359999999999999989e-04
1.630000000000000047e-04
2.149999999999999947e-04
3.409999999999999945e-04
2.790000000000000054e-04
2.190000000000000106e-04
1.820000000000000057e-04
1.610000000000000103e-04
2.579999999999999828e-04
2.369999999999999874e-04
1.379999999999999933e-04
2.169999999999999891e-04
1.830000000000000029e-04
1.050000000000000044e-04
2.290000000000000098e-04
2.320000000000000014e-04
2.020000000000000040e-04
1.990000000000000124e-04
2.420000000000000005e-04
2.610000000000000015e-04
1.589999999999999888e-04
2.680000000000000090e-04
3.029999999999999924e-04
2.979999999999999793e-04
4.079999999999999968e-04
4.730000000000000046e-04
5.429999999999999714e-04
4.939999999999999730e-04
4.679999999999999915e-04
3.770000000000000022e-04
4.589999999999999896e-04
4.200000000000000174e-04
4.850000000000000253e-04
4.530000000000000064e-04
3.869999999999999742e-04
4.929999999999999487e-04
4.970000000000000459e-04
4.939999999999999730e-04
5.130000000000000011e-04
3.579999999999999741e-04
4.099999999999999912e-04
4.589999999999999896e-04
3.249999999999999851e-04
2.509999999999999753e-04
1.710000000000000094e-04
1.900000000000000105e-05
-1.999999999999999909e-06
4.800000000000000122e-05
-1.699999999999999987e-05
-1.299999999999999920e-05
-4.800000000000000122e-05
-4.000000000000000327e-05
-4.399999999999999886e-05
-7.600000000000000418e-05
-4.100000000000000047e-05
-7.799999999999999859e-05
-1.019999999999999992e-04
2.799999999999999958e-05
5.000000000000000409e-06
3.100000000000000135e-05
9.000000000000000567e-05
2.320000000000000014e-04
6.099999999999999872e-05
-2.400000000000000061e-05
4.000000000000000327e-05
1.019999999999999992e-04
1.500000000000000038e-05
-2.000000000000000164e-05
-1.699999999999999987e-05
6.099999999999999872e-05
1.050000000000000044e-04
1.710000000000000094e-04
2.159999999999999919e-04
2.439999999999999949e-04
3.170000000000000075e-04
2.349999999999999930e-04
1.269999999999999970e-04
1.600000000000000131e-04
1.969999999999999909e-04
1.569999999999999944e-04
8.600000000000000331e-05
6.799999999999999946e-05
6.200000000000000270e-05
-6.499999999999999431e-05
-4.000000000000000327e-05
-1.430000000000000064e-04
-1.540000000000000028e-04
-1.810000000000000085e-04
-1.069999999999999988e-04
-1.479999999999999925e-04
-2.469999999999999865e-04
-2.449999999999999921e-04
-1.569999999999999944e-04
-2.059999999999999928e-04
-2.180000000000000134e-04
-2.059999999999999928e-04
-2.880000000000000073e-04
-2.380000000000000117e-04
-2.990000000000000036e-04
-2.840000000000000185e-04
-2.599999999999999772e-04
-2.039999999999999984e-04
-8.799999999999999771e-05
-6.600000000000000506e-05
-1.060000000000000016e-04
-1.600000000000000131e-04
-9.000000000000000567e-05
-5.800000000000000034e-05
-9.799999999999999684e-05
-8.500000000000000611e-05
-7.299999999999999903e-05
-2.069999999999999900e-04
-2.169999999999999891e-04
-1.359999999999999989e-04
-9.699999999999999963e-05
-8.899999999999999491e-05
-8.799999999999999771e-05
4.399999999999999886e-05
4.600000000000000004e-05
5.300000000000000078e-05
-9.999999999999999547e-07
-6.600000000000000506e-05
-7.700000000000000139e-05
-1.250000000000000026e-04
-1.369999999999999961e-04
6.399999999999999710e-05
1.659999999999999963e-04
2.339999999999999958e-04
2.259999999999999910e-04
2.380000000000000117e-04
2.460000000000000164e-04
1.859999999999999945e-04
3.150000000000000131e-04
3.220000000000000206e-04
2.390000000000000089e-04
2.660000000000000146e-04
1.800000000000000113e-04
2.090000000000000115e-04
1.840000000000000001e-04
1.789999999999999870e-04
1.219999999999999974e-04
1.299999999999999886e-04
1.779999999999999898e-04
1.740000000000000010e-04
1.800000000000000113e-04
2.400000000000000061e-04
1.100000000000000039e-04
2.900000000000000017e-05
1.930000000000000021e-04
9.100000000000000287e-05
6.799999999999999946e-05
1.039999999999999936e-04
8.600000000000000331e-05
1.069999999999999988e-04
1.190000000000000058e-04
1.530000000000000056e-04
2.159999999999999919e-04
1.859999999999999945e-04
1.579999999999999916e-04
1.879999999999999890e-04
1.090000000000000067e-04
1.759999999999999954e-04
1.289999999999999914e-04
6.499999999999999431e-05
-4.600000000000000004e-05
-2.900000000000000017e-05
6.700000000000000226e-05
1.830000000000000029e-04
1.079999999999999960e-04
1.110000000000000011e-04
-3.000000000000000076e-05
-9.000000000000000567e-05
-6.299999999999999990e-05
-5.099999999999999960e-05
3.100000000000000135e-05
-2.099999999999999884e-05
-6.000000000000000152e-05
-8.000000000000000654e-05
-6.799999999999999946e-05
-6.200000000000000270e-05
-1.200000000000000030e-04
-2.579999999999999828e-04
-2.480000000000000108e-04
-2.229999999999999994e-04
-3.330000000000000169e-04
-3.029999999999999924e-04
-3.919999999999999873e-04
-4.920000000000000328e-04
-5.019999999999999506e-04
-4.939999999999999730e-04
-4.470000000000000232e-04
-3.980000000000000248e-04
-4.020000000000000136e-04
-3.240000000000000150e-04
-2.750000000000000166e-04
-3.269999999999999795e-04
-3.400000000000000244e-04
-4.850000000000000253e-04
-3.980000000000000248e-04
-3.809999999999999910e-04
-3.980000000000000248e-04
-2.959999999999999849e-04
-2.950000000000000148e-04
-3.660000000000000059e-04
-3.099999999999999999e-04
-2.829999999999999942e-04
-2.500000000000000052e-04
-3.049999999999999868e-04
-2.979999999999999793e-04
-3.269999999999999795e-04
-2.190000000000000106e-04
-9.200000000000000007e-05
-5.199999999999999680e-05
-8.399999999999999535e-05
-4.000000000000000327e-05
-1.500000000000000038e-05
-2.699999999999999899e-05
-6.000000000000000152e-06
-1.469999999999999953e-04
-9.899999999999999404e-05
-8.899999999999999491e-05
-2.010000000000000068e-04
-1.789999999999999870e-04
-2.489999999999999809e-04
-1.440000000000000036e-04
-1.610000000000000103e-04
-1.450000000000000009e-04
-2.039999999999999984e-04
-1.939999999999999993e-04
-1.869999999999999917e-04
-1.769999999999999926e-04
-3.800000000000000209e-04
-4.580000000000000195e-04
-3.519999999999999908e-04
-3.449999999999999833e-04
-3.539999999999999853e-04
-3.809999999999999910e-04
-2.939999999999999905e-04
-3.020000000000000223e-04
-2.410000000000000033e-04
-2.020000000000000040e-04
-1.649999999999999991e-04
-1.779999999999999898e-04
-2.489999999999999809e-04
-2.349999999999999930e-04
-2.269999999999999882e-04
-1.369999999999999961e-04
-1.620000000000000075e-04
-7.499999999999999343e-05
-9.000000000000000228e-06
5.899999999999999754e-05
3.100000000000000135e-05
-6.899999999999999667e-05
-9.100000000000000287e-05
-5.199999999999999680e-05
2.199999999999999943e-05
5.199999999999999680e-05
-3.000000000000000076e-05
-1.140000000000000063e-04
-1.090000000000000067e-04
-5.599999999999999916e-05
3.699999999999999811e-05
1.200000000000000030e-05
7.799999999999999859e-05
1.340000000000000045e-04
4.399999999999999886e-05
-4.000000000000000327e-05
-7.600000000000000418e-05
-7.100000000000000462e-05
1.800000000000000046e-05
-3.399999999999999973e-05
-1.459999999999999981e-04
-7.600000000000000418e-05
-5.000000000000000240e-05
7.600000000000000418e-05
6.899999999999999667e-05
1.160000000000000007e-04
1.959999999999999937e-04
1.810000000000000085e-04
1.869999999999999917e-04
8.100000000000000375e-05
1.469999999999999953e-04
1.299999999999999886e-04
2.110000000000000059e-04
3.099999999999999999e-04
2.220000000000000022e-04
2.820000000000000241e-04
4.499999999999999877e-04
4.180000000000000230e-04
3.669999999999999760e-04
3.460000000000000076e-04
3.449999999999999833e-04
2.970000000000000092e-04
3.930000000000000117e-04
4.000000000000000192e-04
3.490000000000000263e-04
3.690000000000000246e-04
4.060000000000000024e-04
3.480000000000000020e-04
3.570000000000000040e-04
3.449999999999999833e-04
3.240000000000000150e-04
2.860000000000000129e-04
2.139999999999999975e-04
2.629999999999999959e-04
1.869999999999999917e-04
3.029999999999999924e-04
2.939999999999999905e-04
2.059999999999999928e-04
1.359999999999999989e-04
1.530000000000000056e-04
1.679999999999999907e-04
1.800000000000000113e-04
2.079999999999999872e-04
9.200000000000000007e-05
2.199999999999999943e-05
-1.000000000000000082e-05
-4.899999999999999842e-05
-5.599999999999999916e-05
-5.000000000000000240e-05
-1.350000000000000017e-04
-1.710000000000000094e-04
-2.519999999999999996e-04
-2.959999999999999849e-04
-2.290000000000000098e-04
-1.910000000000000077e-04
-2.429999999999999977e-04
-2.239999999999999966e-04
-1.200000000000000030e-04
-8.299999999999999815e-05
-1.900000000000000105e-05
-8.500000000000000611e-05
-1.269999999999999970e-04
-1.050000000000000044e-04
-6.700000000000000226e-05
-3.100000000000000135e-05
8.000000000000000654e-05
1.389999999999999905e-04
6.999999999999999387e-05
2.300000000000000002e-05
2.500000000000000120e-05
-3.899999999999999929e-05
-4.699999999999999724e-05
-7.799999999999999859e-05
-9.000000000000000567e-05
2.599999999999999840e-05
5.500000000000000196e-05
3.499999999999999693e-05
1.240000000000000054e-04
1.160000000000000007e-04
-1.399999999999999979e-05
-5.399999999999999798e-05
1.099999999999999971e-05
-5.000000000000000240e-05
-3.699999999999999811e-05
-1.099999999999999971e-05
1.119999999999999983e-04
7.600000000000000418e-05
2.900000000000000017e-05
6.999999999999999895e-06
5.099999999999999960e-05
1.259999999999999998e-04
1.090000000000000067e-04
1.599999999999999928e-05
-1.200000000000000030e-05
-9.500000000000000523e-05
-4.699999999999999724e-05
-3.000000000000000076e-05
-4.899999999999999842e-05
-8.399999999999999535e-05
-1.090000000000000067e-04
-1.210000000000000002e-04
-6.299999999999999990e-05
-6.000000000000000152e-06
2.300000000000000002e-05
-5.000000000000000409e-06
-2.799999999999999958e-05
-1.039999999999999936e-04
-1.459999999999999981e-04
-1.820000000000000057e-04
-9.000000000000000567e-05
-1.299999999999999886e-04
-1.350000000000000017e-04
-2.320000000000000014e-04
-2.200000000000000078e-04
-2.709999999999999735e-04
-1.910000000000000077e-04
-1.620000000000000075e-04
-1.190000000000000058e-04
-2.400000000000000061e-05
2.400000000000000061e-05
-1.029999999999999964e-04
-7.200000000000000182e-05
-5.199999999999999680e-05
-4.300000000000000165e-05
-1.999999999999999909e-06
5.599999999999999916e-05
-3.999999999999999819e-06
2.799999999999999958e-05
-6.399999999999999710e-05
-1.279999999999999942e-04
-6.099999999999999872e-05
-9.000000000000000567e-05
-4.100000000000000047e-05
1.599999999999999928e-05
8.100000000000000375e-05
1.320000000000000101e-04
1.540000000000000028e-04
5.899999999999999754e-05
-1.299999999999999920e-05
2.699999999999999899e-05
3.999999999999999819e-06
3.199999999999999855e-05
2.300000000000000002e-05
-9.999999999999999547e-07
-6.200000000000000270e-05
-2.039999999999999984e-04
-1.150000000000000035e-04
-4.899999999999999842e-05
-1.050000000000000044e-04
-8.700000000000000051e-05
-1.410000000000000120e-04
-1.830000000000000029e-04
-2.429999999999999977e-04
-2.629999999999999959e-04
-4.220000000000000118e-04
-4.040000000000000080e-04
-3.550000000000000096e-04
-2.910000000000000260e-04
-3.099999999999999999e-04
-2.439999999999999949e-04
-2.970000000000000092e-04
-2.480000000000000108e-04
-2.939999999999999905e-04
-3.649999999999999816e-04
-4.330000000000000081e-04
-4.000000000000000192e-04
-3.260000000000000094e-04
-3.020000000000000223e-04
-2.849999999999999886e-04
-3.510000000000000208e-04
-3.190000000000000019e-04
-3.480000000000000020e-04
-4.829999999999999767e-04
-4.369999999999999970e-04
-4.240000000000000062e-04
-4.159999999999999744e-04
-3.770000000000000022e-04
-3.220000000000000206e-04
-2.739999999999999923e-04
-2.889999999999999774e-04
-2.429999999999999977e-04
-2.139999999999999975e-04
-1.150000000000000035e-04
-2.329999999999999986e-04
-2.500000000000000052e-04
-1.939999999999999993e-04
-1.279999999999999942e-04
-1.039999999999999936e-04
-7.200000000000000182e-05
1.999999999999999909e-06
-1.099999999999999971e-05
-1.000000000000000082e-05
-2.799999999999999958e-05
-6.200000000000000270e-05
-3.800000000000000209e-05
-2.300000000000000002e-05
-4.899999999999999842e-05
-6.099999999999999872e-05
3.800000000000000209e-05
2.900000000000000017e-05
-1.599999999999999928e-05
6.499999999999999431e-05
-1.000000000000000082e-05
7.299999999999999903e-05
2.069999999999999900e-04
2.290000000000000098e-04
2.030000000000000012e-04
1.379999999999999933e-04
2.059999999999999928e-04
1.979999999999999881e-04
8.299999999999999815e-05
-1.099999999999999971e-05
1.099999999999999971e-05
2.400000000000000061e-05
9.999999999999999547e-07
-3.100000000000000135e-05
-1.330000000000000073e-04
-1.420000000000000092e-04
-9.299999999999999727e-05
-8.799999999999999771e-05
-8.899999999999999491e-05
-1.589999999999999888e-04
-1.579999999999999916e-04
-9.200000000000000007e-05
-1.890000000000000133e-04
-2.280000000000000126e-04
-2.149999999999999947e-04
-2.570000000000000127e-04
-2.329999999999999986e-04
-3.139999999999999888e-04
-2.770000000000000110e-04
-1.789999999999999870e-04
-1.630000000000000047e-04
-6.700000000000000226e-05
-9.000000000000000567e-05
-1.849999999999999973e-04
-1.759999999999999954e-04
-1.359999999999999989e-04
-1.579999999999999916e-04
-1.069999999999999988e-04
-1.320000000000000101e-04
-8.399999999999999535e-05
-4.199999999999999768e-05
-2.149999999999999947e-04
-2.390000000000000089e-04
-6.099999999999999872e-05
4.000000000000000327e-05
8.700000000000000051e-05
-3.000000000000000076e-05
-1.769999999999999926e-04
-1.279999999999999942e-04
-1.210000000000000002e-04
-1.879999999999999890e-04
-1.369999999999999961e-04
-8.600000000000000331e-05
-9.000000000000000228e-06
-7.999999999999999638e-06
1.800000000000000046e-05
-7.999999999999999638e-06
-2.699999999999999899e-05
-3.699999999999999811e-05
4.399999999999999886e-05
1.699999999999999987e-05
-3.199999999999999855e-05
-3.499999999999999693e-05
-1.000000000000000082e-05
-1.900000000000000105e-05
-1.999999999999999909e-06
3.000000000000000076e-06
-8.399999999999999535e-05
-4.500000000000000283e-05
-1.769999999999999926e-04
-1.720000000000000066e-04
-2.649999999999999903e-04
-2.030000000000000012e-04
-1.520000000000000084e-04
-6.299999999999999990e-05
-1.240000000000000054e-04
-1.039999999999999936e-04
-5.199999999999999680e-05
-1.029999999999999964e-04
-1.430000000000000064e-04
-4.199999999999999768e-05
-6.499999999999999431e-05
-1.800000000000000113e-04
-1.550000000000000000e-04
-1.379999999999999933e-04
-1.489999999999999897e-04
-1.219999999999999974e-04
-1.210000000000000002e-04
-1.500000000000000038e-05
-4.600000000000000004e-05
-7.700000000000000139e-05
-2.699999999999999899e-05
-9.600000000000000243e-05
-8.399999999999999535e-05
1.699999999999999987e-05
-2.699999999999999899e-05
-1.599999999999999928e-05
3.499999999999999693e-05
-6.499999999999999431e-05
-5.599999999999999916e-05
-1.210000000000000002e-04
-1.430000000000000064e-04
-2.249999999999999938e-04
-1.689999999999999879e-04
-2.180000000000000134e-04
-2.880000000000000073e-04
-3.310000000000000225e-04
-3.280000000000000038e-04
-2.889999999999999774e-04
-2.559999999999999884e-04
-1.779999999999999898e-04
-9.399999999999999448e-05
1.900000000000000105e-05
-3.899999999999999929e-05
-1.289999999999999914e-04
-1.090000000000000067e-04
-3.399999999999999973e-05
8.600000000000000331e-05
1.010000000000000020e-04
8.399999999999999535e-05
1.210000000000000002e-04
3.899999999999999929e-05
8.399999999999999535e-05
1.110000000000000011e-04
1.800000000000000113e-04
2.429999999999999977e-04
2.249999999999999938e-04
1.849999999999999973e-04
1.569999999999999944e-04
2.480000000000000108e-04
2.130000000000000003e-04
1.569999999999999944e-04
1.110000000000000011e-04
-1.399999999999999979e-05
-4.500000000000000283e-05
2.199999999999999943e-05
1.129999999999999955e-04
1.399999999999999877e-04
1.010000000000000020e-04
3.499999999999999693e-05
6.399999999999999710e-05
1.430000000000000064e-04
8.500000000000000611e-05
3.000000000000000076e-05
9.299999999999999727e-05
1.019999999999999992e-04
1.069999999999999988e-04
1.010000000000000020e-04
5.500000000000000196e-05
-6.000000000000000152e-06
4.699999999999999724e-05
-1.599999999999999928e-05
-3.399999999999999973e-05
-1.299999999999999920e-05
-9.299999999999999727e-05
2.699999999999999899e-05
-6.200000000000000270e-05
-1.190000000000000058e-04
-4.000000000000000327e-05
-6.099999999999999872e-05
-5.000000000000000240e-05
4.899999999999999842e-05
8.000000000000000654e-05
7.399999999999999623e-05
9.000000000000000567e-05
1.959999999999999937e-04
1.749999999999999982e-04
9.299999999999999727e-05
1.900000000000000105e-04
1.379999999999999933e-04
9.600000000000000243e-05
8.700000000000000051e-05
9.100000000000000287e-05
3.899999999999999929e-05
1.949999999999999965e-04
2.579999999999999828e-04
1.610000000000000103e-04
2.400000000000000061e-04
3.089999999999999756e-04
2.939999999999999905e-04
3.400000000000000244e-04
2.420000000000000005e-04
2.759999999999999867e-04
3.200000000000000262e-04
2.400000000000000061e-04
2.169999999999999891e-04
2.869999999999999830e-04
3.170000000000000075e-04
2.849999999999999886e-04
2.570000000000000127e-04
3.400000000000000244e-04
3.249999999999999851e-04
2.910000000000000260e-04
2.999999999999999737e-04
3.680000000000000003e-04
3.310000000000000225e-04
2.559999999999999884e-04
2.950000000000000148e-04
3.099999999999999999e-04
2.999999999999999737e-04
4.420000000000000101e-04
3.280000000000000038e-04
3.190000000000000019e-04
3.750000000000000078e-04
3.620000000000000171e-04
3.919999999999999873e-04
3.609999999999999928e-04
4.159999999999999744e-04
3.139999999999999888e-04
2.999999999999999737e-04
2.860000000000000129e-04
3.220000000000000206e-04
4.070000000000000267e-04
3.530000000000000152e-04
3.310000000000000225e-04
3.310000000000000225e-04
3.730000000000000134e-04
2.220000000000000022e-04
2.169999999999999891e-04
3.730000000000000134e-04
4.310000000000000137e-04
3.849999999999999798e-04
4.110000000000000155e-04
4.539999999999999765e-04
4.650000000000000270e-04
4.620000000000000083e-04
4.130000000000000099e-04
3.719999999999999891e-04
2.489999999999999809e-04
3.139999999999999888e-04
4.659999999999999971e-04
5.000000000000000104e-04
4.629999999999999784e-04
5.019999999999999506e-04
5.469999999999999602e-04
4.180000000000000230e-04
5.100000000000000366e-04
5.460000000000000443e-04
4.910000000000000085e-04
4.699999999999999859e-04
4.319999999999999838e-04
4.920000000000000328e-04
4.800000000000000122e-04
5.370000000000000424e-04
4.960000000000000216e-04
5.199999999999999544e-04
4.690000000000000158e-04
4.730000000000000046e-04
4.350000000000000026e-04
4.240000000000000062e-04
3.840000000000000097e-04
3.519999999999999908e-04
3.099999999999999999e-04
3.370000000000000057e-04
3.539999999999999853e-04
2.220000000000000022e-04
1.090000000000000067e-04
1.789999999999999870e-04
1.710000000000000094e-04
2.900000000000000017e-04
4.339999999999999782e-04
4.609999999999999840e-04
4.279999999999999950e-04
3.409999999999999945e-04
2.779999999999999811e-04
2.410000000000000033e-04
1.990000000000000124e-04
1.759999999999999954e-04
2.469999999999999865e-04
2.489999999999999809e-04
3.200000000000000262e-04
2.680000000000000090e-04
3.299999999999999982e-04
3.669999999999999760e-04
4.420000000000000101e-04
3.750000000000000078e-04
4.159999999999999744e-04
2.719999999999999979e-04
2.410000000000000033e-04
2.120000000000000031e-04
1.939999999999999993e-04
1.749999999999999982e-04
2.010000000000000068e-04
2.849999999999999886e-04
2.329999999999999986e-04
2.700000000000000035e-04
3.179999999999999776e-04
2.469999999999999865e-04
3.690000000000000246e-04
3.139999999999999888e-04
3.319999999999999926e-04
2.770000000000000110e-04
3.840000000000000097e-04
4.200000000000000174e-04
4.040000000000000080e-04
3.869999999999999742e-04
3.770000000000000022e-04
3.480000000000000020e-04
5.069999999999999637e-04
5.150000000000000498e-04
5.270000000000000162e-04
4.949999999999999973e-04
4.169999999999999987e-04
3.690000000000000246e-04
3.330000000000000169e-04
4.299999999999999894e-04
4.119999999999999856e-04
4.110000000000000155e-04
2.950000000000000148e-04
2.429999999999999977e-04
2.229999999999999994e-04
3.530000000000000152e-04
3.460000000000000076e-04
2.999999999999999737e-04
2.860000000000000129e-04
2.489999999999999809e-04
1.990000000000000124e-04
2.539999999999999940e-04
2.449999999999999921e-04
3.330000000000000169e-04
1.769999999999999926e-04
7.299999999999999903e-05
1.240000000000000054e-04
