-3.721240966340738088e-01
8.944337886847428809e-01
-1.535076919743871282e-01
1.047508584888202199e+00
-5.499996218579723539e-01
6.707763549784605539e-01
3.205827482753169644e-01
9.164872540596040729e-01
-1.470759942504199780e-01
1.052199965546714910e+00
-5.632115139776491253e-01
6.506079036314105224e-01
3.567040617672893599e-01
8.804218085730319832e-01
-5.309621985635590985e-02
1.075291070783324532e+00
-6.235299014559598785e-01
5.524708431569486100e-01
5.165686633149940699e-01
6.761419183974698432e-01
4.064561283584544604e-01
8.295635546635701241e-01
7.313508383577951855e-02
1.067172483236988212e+00
-5.878177950242594596e-01
6.123038592852736439e-01
4.222139759139204029e-01
8.055368492958179250e-01
1.295537960294463331e-01
1.049000455944728349e+00
-5.289028975584969539e-01
7.027764559709420711e-01
2.609460933258268556e-01
9.679198719665692563e-01
-2.881312815675671213e-01
9.708852988921151672e-01
-3.455973843878454854e-01
9.201671039662819851e-01
-2.164942635052781728e-01
1.017197366773995526e+00
-4.680511598762053249e-01
7.848471194436140719e-01
9.549639435262755049e-02
1.057868854881831799e+00
-5.581264442888608235e-01
6.591010179990272055e-01
3.415888073157069549e-01
8.959630130231983625e-01
-9.310661632943728616e-02
1.068500292366044047e+00
-6.067496201704994929e-01
5.807618841050804503e-01
4.731944217436591105e-01
7.387904244924149433e-01
2.784516901065735572e-01
9.579416569918270952e-01
-2.596524533707545990e-01
9.918275939712317690e-01
-4.005794874312353926e-01
8.646149874064711360e-01
-8.263486089586020988e-02
1.068255420537193023e+00
-6.050746383905605263e-01
5.835815426154927765e-01
4.687488989107799764e-01
7.449065965132983802e-01
2.653472283613340088e-01
9.684687814475382295e-01
-2.892232423413512721e-01
9.700520728556567551e-01
-3.434315254829005126e-01
9.221813887832921441e-01
-2.214947566390549349e-01
1.014312426884464546e+00
-4.602961071626681111e-01
7.946666096428528503e-01
7.448032168158716382e-02
1.063753749222946965e+00
-5.774976256288839593e-01
6.288329267802672540e-01
3.944220239691487162e-01
8.387987372215364168e-01
5.048133196700160807e-02
1.071924175521910660e+00
-6.040866934186288617e-01
5.855841493653384244e-01
4.655598832092255890e-01
7.492581666475776059e-01
2.559574690855054846e-01
9.757133186253614809e-01
-3.097868999823871761e-01
9.534591059153059156e-01
-3.005987943123550332e-01
9.593078303335194068e-01
-3.154340101629981574e-01
9.470396440555022277e-01
-2.840267832925510438e-01
9.722938688864759538e-01
-3.490599249602538423e-01
9.169264845012216059e-01
-2.084712424180993340e-01
1.021679021123625741e+00
-4.801216429034108613e-01
7.692276031231477518e-01
1.283935045694770682e-01
1.046151635459197982e+00
-5.206511267122835296e-01
7.146450131458493837e-01
2.381369058559707486e-01
9.849251908802088007e-01
-3.366763627555446337e-01
9.299519046455944071e-01
-2.410356355835550635e-01
1.002358222748467753e+00
-4.283040165985733672e-01
8.333901771591026852e-01
-1.090222383326432121e-02
1.074838714066004286e+00
-6.183707659020800662e-01
5.614001184946852963e-01
5.031085008046274343e-01
6.961605816498899202e-01
3.667843874520582137e-01
8.743113507184759881e-01
-3.717787832254705604e-02
1.076752949073470411e+00
-6.265016877228110070e-01
5.474016548092695000e-01
5.241068477418496796e-01
6.647029659429765092e-01
4.286075701900207702e-01
8.026370380209968403e-01
1.366579805927351787e-01
1.046091768298331504e+00
-5.197319645287958867e-01
7.159784182127038044e-01
2.355489897074969641e-01
9.867614004660317795e-01
-3.419778769558831644e-01
9.250801103837884565e-01
-2.288605038047844542e-01
1.009929227652049288e+00
-4.485373081546412122e-01
8.092336269594282427e-01
4.282895406340677530e-02
1.070262979397716974e+00
-5.997933772312823431e-01
5.926707346270843058e-01
4.542565564924138100e-01
7.644517393535538163e-01
2.227420435633740148e-01
9.993410313827166824e-01
-3.781087118863971086e-01
8.897880156182979006e-01
-1.424415819029033470e-01
1.051675475448644592e+00
-5.612495702954469756e-01
6.536492805708246090e-01
3.513272038863505808e-01
8.860253093845322780e-01
-6.743774006816699584e-02
1.073375289544905575e+00
-6.190577136939888758e-01
5.600783420214013875e-01
5.051219568855224162e-01
6.931995829229227191e-01
3.727250496493774712e-01
8.678944147724797498e-01
-2.099174680212706479e-02
1.077493582522196736e+00
-6.272786457393165760e-01
5.461045232662263826e-01
5.260227114188962272e-01
6.617695569940780231e-01
4.342275188379070561e-01
7.955843067668921798e-01
1.529443318521527817e-01
1.038853831505038405e+00
-4.971392066590843983e-01
7.474904977187800670e-01
1.730186095488651654e-01
1.025364529844378536e+00
-4.563497118287787591e-01
8.007257244053008760e-01
6.130216592125860980e-02
1.066804177431184497e+00
-5.877824192455632923e-01
6.123289346449726223e-01
4.221741683830733671e-01
8.055861642881322338e-01
1.294389798250248913e-01
1.049046525488531501e+00
-5.290485495111318937e-01
7.025648724582023164e-01
2.613492705269039873e-01
9.676060208343154612e-01
-2.872445418293233521e-01
9.715713443400553206e-01
-3.473832367644783536e-01
9.184962625316530627e-01
-2.123540293072644358e-01
1.019532736359606062e+00
-4.743376633501221185e-01
7.767632398509292102e-01
1.126040272012918952e-01
1.052157157867854576e+00
-5.397141963454696878e-01
6.868861649765363175e-01
2.908880772382649305e-01
9.433575319767635303e-01
-2.197128794407627317e-01
1.017318928728897065e+00
-4.686870829998236454e-01
7.840240891063636752e-01
9.724688131132733226e-02
1.057322429724881552e+00
-5.563507892410385347e-01
6.618223377104623939e-01
3.367160995987487082e-01
9.008351859733494393e-01
-1.058011962388073629e-01
1.065403716361813746e+00
-5.986412180340823230e-01
5.941665033715016753e-01
4.518749231567292246e-01
7.676076606543752456e-01
2.157586141107100675e-01
1.003912198070729733e+00
-3.915573067393215978e-01
8.757081235810340036e-01
-1.088507623946806946e-01
1.062225847258828404e+00
-5.894498194341513120e-01
6.091688007699594953e-01
4.274282372868115631e-01
7.990523348271412196e-01
1.445900540460250128e-01
1.042645912913797268e+00
-5.089415947380415695e-01
7.312079665659403371e-01
2.056641299562801117e-01
1.006591888899991627e+00
-4.000083514228890968e-01
8.665839163097186493e-01
-8.735550923742516072e-02
1.067309173476092887e+00
-6.026704163320769636e-01
5.875615426022178234e-01
4.624396696469760815e-01
7.534899115457135421e-01
2.467737047465939082e-01
9.825579261430115174e-01
-3.293784760898444408e-01
9.365439606370955516e-01
-2.576044891362305189e-01
9.913848545049449568e-01
-3.991659056607680389e-01
8.661578485666714400e-01
-8.624611759657180299e-02
1.067540456450326136e+00
-6.032618272051303299e-01
5.865838760525078355e-01
4.639935344488408941e-01
7.513865488302670093e-01
2.513449740321128112e-01
9.791807750350391970e-01
-3.196919386146176989e-01
9.450421598919120925e-01
-2.791188320377540055e-01
9.759835430329041328e-01
-3.586821216628827136e-01
9.077245087121396105e-01
-1.858306881530326082e-01
1.033348943260891106e+00
-5.116588158875334802e-01
7.264887634678741657e-01
2.150504137470088950e-01
1.000638636078245103e+00
-3.824342147803121428e-01
8.852991771585545511e-01
-1.316755656388872153e-01
1.055403089523420768e+00
-5.712767548333140821e-01
6.380862951990724508e-01
3.785693238957728024e-01
8.567871403750529913e-01
6.353353673734629670e-03
1.077054331489689654e+00
-6.234926443423470799e-01
5.526945812654545653e-01
5.162258417849142633e-01
6.766577446967302345e-01
4.054483409193507804e-01
8.307554970067499989e-01
7.027377655303648774e-02
1.067854229591171045e+00
-5.901130780282813904e-01
6.085800578591878951e-01
4.283722614240052518e-01
7.978682931068041828e-01
1.473221651249292663e-01
1.041422797907676667e+00
-5.051270267413514592e-01
7.365134134093097584e-01
1.951057562087125108e-01
1.012993448658754847e+00
-4.190584997769962183e-01
8.453153736498024706e-01
-3.809657828011697028e-02
1.074046494641167859e+00
-6.184349137565826604e-01
5.612177449433485288e-01
5.033893576268911874e-01
6.957484135240815659e-01
3.676128452966332949e-01
8.734224715792462401e-01
-3.492838332674191165e-02
1.076900033695584291e+00
-6.267427101023774760e-01
5.469920084995407716e-01
5.247127957834796241e-01
6.637763554824768208e-01
4.303854814838740106e-01
8.004155442524744091e-01
1.418036324601699427e-01
1.043885820732264103e+00
-5.128143224948061851e-01
7.257797827677738844e-01
2.163879006712556563e-01
9.997669674694210640e-01
-3.798726738797902902e-01
8.879544793674337688e-01
-1.380369610493475119e-01
1.053240019481034295e+00
-5.654636805854146298e-01
6.471427580676076818e-01
3.627970197002224895e-01
8.739724997213756952e-01
-3.670737060390197315e-02
1.076771121495610606e+00
-6.265141306760321216e-01
5.473814626231630065e-01
5.241366763662945738e-01
6.646573739188565977e-01
4.286951062863715300e-01
8.025278718372603759e-01
1.369111804598744375e-01
1.045984968596470610e+00
-5.193963701002746181e-01
7.164570221910043779e-01
2.346193961854535492e-01
9.874163665041928439e-01
-3.438717675197886514e-01
9.233205634893203451e-01
-2.244776672239114645e-01
1.012552538398834079e+00
-4.555706902752433285e-01
8.005672130828886957e-01
6.172763014660343633e-02
1.066716628724537763e+00
-5.874826256832262894e-01
6.128143269136875348e-01
4.213686047095633325e-01
8.065811879733939538e-01
1.271206765142605943e-01
1.049968773961184931e+00
-5.319673359246919198e-01
6.983122445693670244e-01
2.694269524850673170e-01
9.612208661956960221e-01
-2.692753493303498002e-01
9.849969786978379771e-01
-3.825414487011480347e-01
8.837765841186830951e-01
-1.279142012741861512e-01
1.056633032528023319e+00
-5.745749897157902408e-01
6.329059865978613475e-01
3.874902679056018151e-01
8.467533479836304444e-01
3.108639886142218478e-02
1.074854891446686667e+00
-6.146404768360880233e-01
5.678408581587907067e-01
4.932618208124354697e-01
7.104755638146122987e-01
3.377078263843515948e-01
9.042775943415743978e-01
-1.144114503048672266e-01
1.063059011545533394e+00
-5.924292773668710099e-01
6.043138828850918021e-01
4.354079883702626219e-01
7.889760865883640450e-01
1.677101476617181564e-01
1.031630476712751321e+00
-4.748721033860552887e-01
7.771418225001326396e-01
1.117323335048963362e-01
1.052465003934382803e+00
-5.406997082937998744e-01
6.854232059854939996e-01
2.936100664287519257e-01
9.409984689870799501e-01
-2.132444601118519689e-01
1.021027382533083783e+00
-4.786876836453708983e-01
7.710938065646986139e-01
1.244981865405050542e-01
1.047698724758198807e+00
-5.255368282152930171e-01
7.076283442934113710e-01
2.516686623542150336e-01
9.750145891307830937e-01
-3.082646490131382699e-01
9.547133816580997134e-01
-3.038125159750444393e-01
9.567013415409076904e-01
-3.087315661063954608e-01
9.526618688639709731e-01
-2.983763318919269159e-01
9.610997585911635888e-01
-3.200517142198633924e-01
9.430926385881024387e-01
-2.739978692224844248e-01
9.797735721990827873e-01
-3.685985621216752439e-01
8.979687615004844359e-01
-1.620609258739502678e-01
1.044047947361872675e+00
-5.406360462754108420e-01
6.847620469173371083e-01
2.948840705774232185e-01
9.398893231101252965e-01
-2.102091492230051539e-01
1.022726998096027851e+00
-4.832775411183877212e-01
7.650653753794335321e-01
1.370499812530822092e-01
1.042560107478090803e+00
-5.093697104738418302e-01
7.305899069455404904e-01
2.068904690743833541e-01
1.005827958953752876e+00
-3.977456940016066422e-01
8.690422243702902172e-01
-9.312525529399116875e-02
1.066072561750326608e+00
-5.994962626601247901e-01
5.927924540366891204e-01
4.540812853726126641e-01
7.646855816474003031e-01
2.222256613923430657e-01
9.996837599344959857e-01
-3.791143583021684416e-01
8.887527630548937019e-01
-1.399543556199863703e-01
1.052565638355132505e+00
-5.636480842701253602e-01
6.499520793900266380e-01
3.578588847109014925e-01
8.792075132319598918e-01
-5.000089222895646307e-02
1.075628551277707956e+00
-6.242675727538991026e-01
5.512125662661311321e-01
5.184465079585774960e-01
6.733076367037310606e-01
4.119797426152831399e-01
8.229794556478389200e-01
8.886491864959697451e-02
1.063012387735066122e+00
-5.739956283910252477e-01
6.344117409193449353e-01
3.848708336219681114e-01
8.497212746807248918e-01
2.380163252292690629e-02
1.075681789926206333e+00
-6.177856915233225221e-01
5.624885361820288754e-01
5.014485930922186752e-01
6.985930001365509012e-01
3.618853216025978425e-01
8.795279896243076712e-01
-5.042759940137275104e-02
1.075597399172248281e+00
-6.242121550946702069e-01
5.513066255303967766e-01
5.183063125462813447e-01
6.735195892222827219e-01
4.115674762365519324e-01
8.234738605359908092e-01
8.768819428082187672e-02
1.063347740265515595e+00
-5.750998459336156277e-01
6.326655307138806528e-01
3.878690706111078690e-01
8.463205154528348206e-01
3.214643552810698968e-02
1.074722095746727168e+00
-6.141454371232025755e-01
5.686805235022561744e-01
4.919703577237916070e-01
7.123324810847775357e-01
3.338927431433882931e-01
9.080318138042866583e-01
-1.242801379500786674e-01
1.060099089477938961e+00
-5.845193237322442448e-01
6.170809423100542812e-01
4.142888157569277752e-01
8.152479728021161387e-01
1.068050333969798316e-01
1.057402076329688523e+00
-5.557263584311427085e-01
6.628016872324774544e-01
3.349561205036908351e-01
9.025783081228867522e-01
-1.103605923662296373e-01
1.064180803244664686e+00
-5.954055481052041854e-01
5.994653988917778564e-01
4.433112304146619165e-01
7.788171000837940117e-01
1.907195052012170544e-01
1.019170037477665547e+00
-4.370258359410071347e-01
8.243370895810793186e-01
9.323382602703399191e-03
1.074068642413878116e+00
-6.142337236292640945e-01
5.684698836763895091e-01
4.922977527674994302e-01
7.118623811989731598e-01
3.348595280762938775e-01
9.070843493470379659e-01
-1.217854660356085528e-01
1.060873211808718963e+00
-5.865934520898905546e-01
6.137499598141561430e-01
4.198419708712803344e-01
8.084633036761605940e-01
1.227276986310547741e-01
1.051674774115069377e+00
-5.373822698371801820e-01
6.903591441608523116e-01
2.844015486175475727e-01
9.488943857759937206e-01
-2.349646381245011628e-01
1.008108761083270410e+00
-4.439434012731900414e-01
8.148097475498822240e-01
3.056419930218898240e-02
1.072025038888911874e+00
-6.061819796694852824e-01
5.820430240335793259e-01
4.711599072731310067e-01
7.415955506527465158e-01
2.724548466074514508e-01
9.628192987429012861e-01
-2.733084666498103998e-01
9.820772117674023693e-01
-3.748636718204523266e-01
8.916550676280696752e-01
-1.468059939413851045e-01
1.050076156286561035e+00
-5.569364470569060366e-01
6.602573655812726816e-01
3.395600154388271341e-01
8.980017571835714474e-01
-9.840961687720019280e-02
1.067261924375037196e+00
-6.035240868279385662e-01
5.861157204596573189e-01
4.647385393075651461e-01
7.503757409565481318e-01
2.535372148751567356e-01
9.775402496287773912e-01
-3.150005661632451770e-01
9.490631231101589460e-01
-2.893591872613442972e-01
9.681954461263502232e-01
-3.384057175132441642e-01
9.268117886474565026e-01
-2.330286427824484474e-01
1.007389773278429157e+00
-4.417403952787712362e-01
8.174766720455955982e-01
2.466801135067148154e-02
1.072720985386508064e+00
-6.088023164624805084e-01
5.776485239426706331e-01
4.780588474199721771e-01
7.320320009197232025e-01
2.928061057490505270e-01
9.458532982932812416e-01
-2.261412971317758314e-01
1.013530956070576305e+00
-4.584957152205309527e-01
7.969121368205311917e-01
6.963885029354129064e-02
1.064932695055559098e+00
-5.814468064711961759e-01
6.225313982972265903e-01
4.051063088053321604e-01
8.262722558393167382e-01
8.064339071476939180e-02
1.065259803973173547e+00
-5.814319247810203484e-01
6.225850659411985566e-01
4.050140967034990269e-01
8.263816699947360567e-01
8.038193839871063395e-02
1.065328591870498443e+00
-5.816606376636065390e-01
6.222188368982182194e-01
4.056317492229153943e-01
8.256477329521406672e-01
8.213500692944925019e-02
1.064863672857071730e+00
-5.801163478552632258e-01
6.246887626886361566e-01
4.014590583717834726e-01
8.305848628737145800e-01
7.031161504453445343e-02
1.067831425164395220e+00
-5.900414882420644824e-01
6.086962872791212842e-01
4.281806278518730524e-01
7.981085557604470360e-01
1.467680830174314943e-01
1.041672551748783926e+00
-5.059052596219830722e-01
7.354343452589300334e-01
1.972593799730180397e-01
1.011713322891028444e+00
-4.152360426037174368e-01
8.496648395521178010e-01
-4.807371923391092622e-02
1.073234320086317251e+00
-6.168913028666473952e-01
5.638142574342550617e-01
4.994386591014050580e-01
7.015287192820697237e-01
3.559499177505691114e-01
8.857571032100945985e-01
-6.635641164444218421e-02
1.073553696576051264e+00
-6.194966322529458225e-01
5.593333243700063795e-01
5.062500282461110945e-01
6.915352716544369560e-01
3.760530578231037202e-01
8.642559112315502112e-01
-1.186881693406885430e-02
1.077585815669259262e+00
-6.267358597082819394e-01
5.470657504282423478e-01
5.246004632179923632e-01
6.639480131265967922e-01
4.300562919009616181e-01
8.008275412963465900e-01
1.408504150128341847e-01
1.044300103543668534e+00
-5.141112514146883861e-01
7.239524789552824746e-01
2.199799188729799071e-01
9.974080925156674216e-01
-3.729538715234708146e-01
8.950343019283263368e-01
-1.550868107167692744e-01
1.046880400771930786e+00
-5.482998158930669774e-01
6.733334727177542334e-01
3.159238648946129935e-01
9.208689687706683724e-01
-1.587663728621405979e-01
1.047588741576839899e+00
-5.507080136275581683e-01
6.696919439588605583e-01
3.225540590487631087e-01
9.146147055439313167e-01
-1.420982181217084195e-01
1.054046658468243303e+00
-5.682089411502512233e-01
6.428582381378163957e-01
3.702877952181570231e-01
8.658989696298701189e-01
-1.636753427886492723e-02
1.077555852616970622e+00
-6.270503397978187676e-01
5.465110466387433918e-01
5.254214156807517355e-01
6.626912645191355145e-01
4.324643305133084592e-01
7.978066577738683884e-01
1.478281412825632746e-01
1.041208176102567551e+00
-5.044557196605385929e-01
7.374429335117065332e-01
1.932480729696598454e-01
1.014087119226971812e+00
-4.223294329676124947e-01
8.415608307993843740e-01
-2.952413367713511289e-02
1.074520130514805105e+00
-6.190880872651173261e-01
5.601287280353183240e-01
5.050402033874904495e-01
6.933197356704299263e-01
3.724844600867134314e-01
8.681562340018121882e-01
-2.164974388288863627e-02
1.077477865085890496e+00
-6.272904465995279288e-01
5.460823817046808193e-01
5.260555051544830718e-01
6.617192620487476473e-01
4.343236609910287038e-01
7.954628740890772320e-01
1.532234718135154217e-01
1.038723253427594972e+00
-4.967342836324742938e-01
7.480421648582691319e-01
1.719000019048930739e-01
1.025954339920380987e+00
-4.581442304706100921e-01
7.984813003139238363e-01
6.616567752622473653e-02
1.065734261392746962e+00
-5.841504112915210101e-01
6.181916993084728418e-01
4.124010950523069319e-01
8.175327244572839769e-01
1.014124407727384491e-01
1.059179668800277696e+00
-5.614790794502658722e-01
6.539639108675797674e-01
3.507305674453684019e-01
8.866400486613119636e-01
-6.901705517610393081e-02
1.073128908912264201e+00
-6.184594521663664413e-01
5.610926702386128673e-01
5.035836708713316012e-01
6.954632213259313023e-01
3.681858012745620190e-01
8.728065919550660468e-01
-3.337116362959319238e-02
1.076993504889165676e+00
-6.268844181294923601e-01
5.467517122690518372e-01
5.250679935515497609e-01
6.632326971110642511e-01
4.314274646955361669e-01
7.991094225289304687e-01
1.448222549782693380e-01
1.042556968275816454e+00
-5.086610419926020921e-01
7.315996492474239332e-01
2.048872407301306764e-01
1.007073674452659162e+00
-4.014364884201009898e-01
8.650248747716526854e-01
-8.370453152100784666e-02
1.068043210693436773e+00
-6.045362277085735148e-01
5.844742181054521923e-01
4.673375832242568362e-01
7.468364962580458233e-01
2.611897294899913624e-01
9.717071799557472911e-01
-2.983937053544722384e-01
9.627993214427770230e-01
-3.246309802008429668e-01
9.391125563012258093e-01
-2.639221389817479335e-01
9.870032764445288986e-01
-3.875986473054864878e-01
8.785044989297475793e-01
-1.153620947532233987e-01
1.060433626835484811e+00
-5.847098562206344274e-01
6.167991640690166921e-01
4.147584206254100181e-01
8.146775582946531591e-01
1.081489242717738053e-01
1.056946314496920225e+00
-5.542563132356119748e-01
6.650450832385769173e-01
3.309179839730669870e-01
9.065446605279532388e-01
-1.207698915868626877e-01
1.061169506048052158e+00
-5.873822990355915818e-01
6.124801042358526404e-01
4.219509637681315706e-01
8.058635472264296107e-01
1.287931072914222652e-01
1.049304988970287011e+00
-5.298659641728794556e-01
7.013763330229285664e-01
2.636117984898749267e-01
9.658362175477706035e-01
-2.822503769136894824e-01
9.753938742042116417e-01
-3.573530276913740589e-01
9.090037877181103010e-01
-1.889648130124435277e-01
1.031819560115071033e+00
-5.075190796616022570e-01
7.322578977015726798e-01
2.036410025855981965e-01
1.007845689685446855e+00
-4.037264176718435849e-01
8.625130836150943781e-01
-7.783572476057223910e-02
1.069144417456753482e+00
-6.073029147589684706e-01
5.798794351864733354e-01
4.745785145786362014e-01
7.368744760672519822e-01
2.825344754409353509e-01
9.545626811082943419e-01
-2.502377742408332106e-01
9.982441201799377994e-01
-4.176092525450202375e-01
8.456854878804996867e-01
-3.884235490540204755e-02
1.073999473960808748e+00
-6.183606300368175157e-01
5.613421363651309726e-01
5.032005516141294654e-01
6.960256790701918606e-01
3.670556053501012883e-01
8.740205667298162062e-01
-3.644172701188350821e-02
1.076802651751031403e+00
-6.265852865763434920e-01
5.472594687620510046e-01
5.243172275985179542e-01
6.643813749693501247e-01
4.292248945152367101e-01
8.018667096469790367e-01
1.384439324502697577e-01
1.045334592463015300e+00
-5.173542203592212951e-01
7.193625682687745382e-01
2.289626136909239107e-01
9.913492012887387128e-01
-3.552758992219649525e-01
9.125120777208203249e-01
-1.977244397108926521e-01
1.027393151312292918e+00
-4.955465618827458174e-01
7.486724306267724671e-01
1.706862376977137941e-01
1.026593210321248950e+00
-4.600893058759688570e-01
7.960383517949092269e-01
7.144408193146496722e-02
1.064497492081299956e+00
-5.799869075324962653e-01
6.248660362145653790e-01
4.011605898217718291e-01
8.309361969026982653e-01
6.946750443159185884e-02
1.068028229880508384e+00
-5.907059443515256802e-01
6.076156229201269410e-01
4.299610217051033079e-01
7.958723338028366179e-01
1.519186115555760941e-01
1.039317539690491676e+00
-4.985806525916133825e-01
7.455228445779934487e-01
1.770017047640266294e-01
1.023235611126898981e+00
-4.498854088007712693e-01
8.087355715288488955e-01
4.383579868939926211e-02
1.070095993292163872e+00
-5.992023869218738863e-01
5.936477387062752964e-01
4.526870924375276384e-01
7.665324513602049805e-01
2.181410397357784470e-01
1.002368202118609330e+00
-3.870061240896703336e-01
8.805299020746018002e-01
-1.202966229945811039e-01
1.058987902681253646e+00
-5.808642253048486026e-01
6.229443637067101358e-01
4.044386673390225617e-01
8.270661028390534630e-01
7.874580620898047334e-02
1.065754686461811707e+00
-5.830791498426319830e-01
6.199441088078740947e-01
4.094598992503382107e-01
8.210745970609727440e-01
9.302249941815622647e-02
1.061782254178286200e+00
-5.699621524554576713e-01
6.407608055517239887e-01
3.738992323751968994e-01
8.619475821405890859e-01
-6.484157187442864123e-03
1.077516420380449036e+00
-6.260418648121650609e-01
5.482766947377499811e-01
5.228059645773326380e-01
6.666883952897082466e-01
4.247897538324071909e-01
8.073770866306777538e-01
1.256302138221793152e-01
1.050567806921751890e+00
-5.338630844725349434e-01
6.955373924754170156e-01
2.746711523333686955e-01
9.569764266289906285e-01
-2.574050298630253808e-01
9.933675892383102557e-01
-4.046572869764573088e-01
8.601565551670422582e-01
-7.223617498344739318e-02
1.070108798998298916e+00
-6.096872341195245237e-01
5.759038590822046499e-01
4.807967920611567747e-01
7.281995699585795956e-01
3.008872521224998930e-01
9.387915674105118402e-01
-2.067815971664948016e-01
1.024629160569529018e+00
-4.884212271101691649e-01
7.582392113227327535e-01
1.511447073378371642e-01
1.036258917440309402e+00
-4.897625379039812765e-01
7.574490216218197070e-01
1.527007430904490370e-01
1.035525888229438252e+00
-4.874963443925732776e-01
7.604835698260781207e-01
1.464559650390867551e-01
1.038414431710604768e+00
-4.964453079252838519e-01
7.484161775885125323e-01
1.711424374600446496e-01
1.026351828523294651e+00
-4.593544869069505210e-01
7.969625020689297124e-01
6.944917459281815808e-02
1.064974162193930374e+00
-5.815875268835756229e-01
6.223060026002784628e-01
4.054864573592052990e-01
8.258205662916190404e-01
8.172233036803398798e-02
1.064973895973150730e+00
-5.804821490128005967e-01
6.241043151860568017e-01
4.024479318614483381e-01
8.294193153633653282e-01
7.310935289056322284e-02
1.067164769910595057e+00
-5.877970628335159597e-01
6.123372873859619370e-01
4.221585294125062005e-01
8.056054023267147368e-01
1.293941776859425241e-01
1.049064491702774493e+00
-5.291053548605060275e-01
7.024823370943629186e-01
2.615065105611731888e-01
9.674834932462592629e-01
-2.868984476350728285e-01
9.718385074345828878e-01
-3.480789786329054891e-01
9.178429001565351353e-01
-2.107369331918245159e-01
1.020431783998554387e+00
-4.767597600995255314e-01
7.736190441696499942e-01
1.192106258882947301e-01
1.049730071320717828e+00
-5.319775553590525563e-01
6.982755392507532521e-01
2.694977998153829657e-01
9.611641087851026111e-01
-2.691162196399402573e-01
9.851118142480496109e-01
-3.828438609671117043e-01
8.834628726500372009e-01
-1.271652537785181725e-01
1.056872256062526549e+00
-5.752154247286391797e-01
6.318966042615792311e-01
3.892199659061816863e-01
8.447816397795291365e-01
3.591137045953025908e-02
1.074224870440563473e+00
-6.123106778409056483e-01
5.717861256624655608e-01
4.871769160941885612e-01
7.191828647045602763e-01
3.197323324099560216e-01
9.216061876797756458e-01
-1.603252413206137650e-01
1.046958700684861521e+00
-5.490008010344817890e-01
6.722636517105338161e-01
3.178761435312420502e-01
9.190403889771353585e-01
-1.538804782819301886e-01
1.049562752773156360e+00
-5.560640038576457611e-01
6.615706008089098367e-01
3.372083158562851901e-01
9.003481264771168169e-01
-1.045286999641304171e-01
1.065734582620272874e+00
