3.829999999999999854e-04
4.629999999999999784e-04
7.720000000000000083e-04
1.345999999999999974e-03
1.948999999999999995e-03
2.691999999999999948e-03
2.000000000000000042e-03
1.873000000000000099e-03
2.615999999999999836e-03
1.794000000000000022e-03
1.309999999999999967e-03
1.760000000000000063e-03
4.099999999999999912e-04
1.443000000000000055e-03
7.169999999999999724e-04
1.324000000000000090e-03
7.269999999999999987e-04
8.790000000000000070e-04
8.300000000000000086e-04
6.179999999999999513e-04
7.439999999999999782e-04
4.850000000000000253e-04
1.160999999999999923e-03
1.766999999999999908e-03
3.559999999999999797e-04
3.919999999999999873e-04
4.090000000000000211e-04
-1.169999999999999979e-04
4.870000000000000197e-04
5.289999999999999564e-04
6.340000000000000149e-04
8.880000000000000089e-04
9.899999999999999946e-04
-1.620000000000000075e-04
2.979999999999999793e-04
-2.220000000000000022e-04
5.670000000000000127e-04
6.340000000000000149e-04
-5.569999999999999864e-04
-6.620000000000000450e-04
2.730000000000000222e-04
-3.550000000000000096e-04
-1.140000000000000063e-04
1.299999999999999920e-05
1.379000000000000017e-03
1.142999999999999919e-03
1.278000000000000056e-03
1.843999999999999936e-03
1.675999999999999972e-03
8.570000000000000144e-04
-3.069999999999999812e-04
8.509999999999999769e-04
3.530000000000000152e-04
1.489999999999999897e-04
5.899999999999999754e-05
9.259999999999999568e-04
4.989999999999999861e-04
3.530000000000000152e-04
7.950000000000000252e-04
2.010000000000000068e-04
4.600000000000000004e-05
1.720000000000000066e-04
-1.939999999999999993e-04
-6.499999999999999702e-04
-2.239999999999999966e-04
2.099999999999999884e-05
-1.000000000000000082e-05
-1.520000000000000084e-04
4.020000000000000136e-04
5.659999999999999884e-04
8.620000000000000275e-04
9.990000000000001049e-04
4.899999999999999842e-04
8.440000000000000236e-04
-1.840000000000000001e-04
4.769999999999999934e-04
1.051999999999999984e-03
2.559999999999999884e-04
-9.680000000000000019e-04
-1.320000000000000101e-04
1.430000000000000064e-04
6.759999999999999516e-04
1.056999999999999997e-03
5.140000000000000254e-04
4.100000000000000047e-05
7.619999999999999820e-04
8.700000000000000051e-04
3.390000000000000001e-04
2.519999999999999996e-04
1.450000000000000009e-04
1.990000000000000124e-04
2.889999999999999774e-04
4.159999999999999744e-04
7.299999999999999632e-04
9.870000000000000301e-04
2.067999999999999960e-03
1.116000000000000021e-03
1.515000000000000071e-03
-2.000000000000000164e-05
2.599999999999999772e-04
5.280000000000000405e-04
1.640000000000000019e-04
3.480000000000000020e-04
4.440000000000000045e-04
1.559999999999999972e-04
-2.390000000000000089e-04
-6.239999999999999887e-04
-5.619999999999999996e-04
-4.049999999999999781e-04
1.959999999999999937e-04
4.079999999999999968e-04
3.449999999999999833e-04
5.320000000000000293e-04
9.479999999999999495e-04
1.100000000000000039e-04
1.003999999999999901e-03
3.229999999999999907e-04
-7.330000000000000361e-04
-6.299999999999999990e-05
-5.270000000000000162e-04
-7.889999999999999878e-04
-1.317000000000000028e-03
-1.441999999999999922e-03
-2.047000000000000208e-03
-1.206999999999999957e-03
-4.429999999999999802e-04
-1.399999999999999877e-04
-7.249999999999999500e-04
-6.859999999999999779e-04
-4.189999999999999931e-04
-2.759999999999999867e-04
-5.100000000000000366e-04
-3.710000000000000190e-04
9.500000000000000523e-05
-1.119999999999999983e-04
-2.689999999999999791e-04
8.649999999999999920e-04
2.420000000000000005e-04
3.490000000000000263e-04
-1.599999999999999928e-05
-1.230000000000000082e-04
-4.470000000000000232e-04
-2.519999999999999996e-04
-3.899999999999999929e-04
3.699999999999999811e-05
4.929999999999999487e-04
4.780000000000000178e-04
-5.400000000000000069e-04
-6.689999999999999983e-04
-5.950000000000000427e-04
-1.869999999999999917e-04
1.520000000000000084e-04
2.420000000000000005e-04
2.180000000000000134e-04
3.539999999999999853e-04
9.000000000000000567e-05
3.299999999999999982e-04
-1.610000000000000103e-04
2.649999999999999903e-04
-3.559999999999999797e-04
1.320000000000000101e-04
-9.100000000000000287e-05
1.810000000000000085e-04
-1.399999999999999877e-04
-1.245000000000000013e-03
-5.479999999999999845e-04
-4.369999999999999970e-04
-8.840000000000000201e-04
-2.090000000000000115e-04
-8.109999999999999805e-04
-7.560000000000000530e-04
-1.577999999999999976e-03
-3.600000000000000227e-04
-9.439999999999999607e-04
-1.987000000000000051e-03
-2.573000000000000200e-03
-1.845000000000000069e-03
-1.714999999999999945e-03
-1.840999999999999972e-03
-1.193999999999999966e-03
-4.519999999999999821e-04
-1.819000000000000087e-03
-1.662999999999999982e-03
-8.919999999999999978e-04
-3.800000000000000209e-04
-8.610000000000000032e-04
-7.209999999999999612e-04
-6.080000000000000335e-04
5.929999999999999941e-04
3.379999999999999758e-04
9.129999999999999661e-04
1.165999999999999936e-03
4.800000000000000122e-05
8.369999999999999619e-04
1.789999999999999870e-04
-1.048000000000000103e-03
-3.869999999999999742e-04
-9.380000000000000317e-04
-1.319000000000000077e-03
3.159999999999999832e-04
4.360000000000000269e-04
2.130000000000000003e-04
8.729999999999999696e-04
4.829999999999999767e-04
-8.399999999999999535e-05
3.840000000000000097e-04
8.880000000000000089e-04
6.149999999999999868e-04
2.790000000000000054e-04
-4.199999999999999768e-05
1.394999999999999973e-03
1.099999999999999971e-05
-4.490000000000000176e-04
-2.610000000000000015e-04
1.306000000000000086e-03
8.559999999999999901e-04
-7.399999999999999623e-05
1.479999999999999925e-04
-5.300000000000000078e-05
-6.210000000000000242e-04
-1.240000000000000054e-04
-2.079999999999999872e-04
-1.399999999999999986e-03
-1.471000000000000085e-03
-1.168999999999999900e-03
-5.140000000000000254e-04
9.500000000000000523e-05
-1.528000000000000061e-03
-1.378000000000000102e-03
-8.429999999999999993e-04
-1.618999999999999996e-03
-1.523999999999999964e-03
-1.269999999999999970e-04
-2.519999999999999996e-04
-9.219999999999999680e-04
-9.579999999999999757e-04
-6.830000000000000134e-04
-1.634999999999999952e-03
-7.410000000000000137e-04
2.919999999999999961e-04
-7.999999999999999638e-06
-5.540000000000000219e-04
-3.499999999999999693e-05
1.080999999999999930e-03
4.879999999999999898e-04
-1.430000000000000064e-04
4.339999999999999782e-04
-1.141000000000000087e-03
-1.268999999999999946e-03
-3.669999999999999760e-04
-7.399999999999999894e-04
-3.640000000000000115e-04
-2.180000000000000134e-04
-4.180000000000000230e-04
-1.589999999999999888e-04
-6.290000000000000018e-04
-8.279999999999999600e-04
1.190000000000000058e-04
-1.384999999999999946e-03
-7.860000000000000233e-04
-6.200000000000000270e-05
-2.640000000000000202e-04
-1.489999999999999897e-04
-1.013999999999999927e-03
1.099999999999999971e-05
-3.000000000000000076e-05
4.380000000000000213e-04
4.800000000000000122e-05
-1.129999999999999955e-04
-7.860000000000000233e-04
-8.429999999999999993e-04
-1.034999999999999896e-03
-1.252000000000000075e-03
-4.829999999999999767e-04
-1.969999999999999909e-04
-4.079999999999999968e-04
-2.015999999999999997e-03
-4.989999999999999861e-04
-3.440000000000000132e-04
-6.070000000000000092e-04
-3.649999999999999816e-04
-2.010000000000000068e-04
-2.629999999999999959e-04
-5.609999999999999752e-04
-6.509999999999999945e-04
-1.910000000000000077e-04
-9.000000000000000228e-06
5.240000000000000517e-04
2.369999999999999874e-04
9.539999999999999869e-04
7.309999999999999875e-04
1.136999999999999990e-03
1.179999999999999951e-04
9.799999999999999684e-04
1.766999999999999908e-03
6.189999999999999756e-04
1.056999999999999997e-03
1.900000000000000105e-04
6.920000000000000153e-04
-2.610000000000000015e-04
-3.020000000000000223e-04
4.319999999999999838e-04
1.459999999999999981e-04
-3.820000000000000153e-04
-8.649999999999999920e-04
-1.301999999999999989e-03
-1.154999999999999994e-03
-1.394999999999999973e-03
-1.335999999999999948e-03
-1.278000000000000056e-03
-8.710000000000000294e-04
-5.800000000000000034e-04
-1.230000000000000082e-04
-1.464000000000000024e-03
-4.769999999999999934e-04
-6.359999999999999551e-04
9.999999999999999547e-07
-6.440000000000000412e-04
-6.859999999999999779e-04
7.010000000000000172e-04
4.510000000000000120e-04
-1.020999999999999989e-03
-1.281000000000000021e-03
-2.849999999999999886e-04
-8.739999999999999939e-04
-5.950000000000000427e-04
6.729999999999999871e-04
4.070000000000000267e-04
1.550000000000000000e-04
5.419999999999999471e-04
5.429999999999999714e-04
-2.239999999999999966e-04
6.449999999999999570e-04
4.079999999999999968e-04
5.529999999999999976e-04
1.611999999999999935e-03
1.786000000000000044e-03
1.580999999999999940e-03
7.849999999999999990e-04
1.582000000000000073e-03
1.150999999999999896e-03
9.990000000000001049e-04
1.387999999999999911e-03
7.579999999999999932e-04
1.170000000000000033e-03
1.536999999999999955e-03
-5.199999999999999680e-05
-3.800000000000000209e-05
-1.710000000000000094e-04
-7.759999999999999971e-04
3.649999999999999816e-04
-7.649999999999999465e-04
-1.368000000000000075e-03
-1.088999999999999907e-03
-1.039999999999999909e-03
-6.329999999999999906e-04
-1.890000000000000133e-04
-4.350000000000000026e-04
-4.889999999999999599e-04
-1.123999999999999999e-03
-3.539999999999999853e-04
-4.260000000000000006e-04
-6.920000000000000153e-04
-1.033000000000000064e-03
-1.347000000000000107e-03
-2.439999999999999949e-04
3.480000000000000020e-04
3.339999999999999870e-04
-4.180000000000000230e-04
6.799999999999999946e-05
-3.280000000000000038e-04
-1.518999999999999951e-03
-1.601999999999999908e-03
-9.110000000000000259e-04
-9.560000000000000355e-04
-8.540000000000000499e-04
-9.859999999999998974e-04
-1.351999999999999903e-03
-7.389999999999999651e-04
-6.290000000000000018e-04
-6.139999999999999625e-04
-5.680000000000000370e-04
4.600000000000000004e-05
4.899999999999999842e-05
2.079999999999999872e-04
4.699999999999999859e-04
6.109999999999999980e-04
2.649999999999999903e-04
0.000000000000000000e+00
7.979999999999999897e-04
-2.759999999999999867e-04
-9.600000000000000243e-05
-3.899999999999999929e-05
-7.370000000000000249e-04
-8.949999999999999623e-04
-6.089999999999999494e-04
-6.610000000000000207e-04
1.939999999999999993e-04
-3.999999999999999819e-06
-1.113000000000000057e-03
-1.484000000000000076e-03
-1.128000000000000096e-03
-8.769999999999999584e-04
-1.394999999999999973e-03
-5.240000000000000517e-04
-8.189999999999999581e-04
-1.902999999999999961e-03
-1.213000000000000102e-03
-1.724000000000000055e-03
-1.237000000000000035e-03
-1.160000000000000007e-03
-2.347000000000000128e-03
-1.435999999999999993e-03
-5.259999999999999919e-04
-1.288000000000000082e-03
-3.119999999999999944e-04
-2.970000000000000092e-04
-1.771000000000000005e-03
-1.266999999999999897e-03
-9.870000000000000301e-04
-3.840000000000000097e-04
-3.759999999999999779e-04
-1.031999999999999931e-03
-1.023999999999999954e-03
-1.248999999999999893e-03
-1.587000000000000086e-03
-1.747999999999999988e-03
-2.223000000000000149e-03
-1.495000000000000018e-03
-2.059000000000000066e-03
-1.518999999999999951e-03
-2.400999999999999922e-03
-1.033999999999999980e-03
-2.070999999999999924e-03
-9.250000000000000409e-04
-9.389999999999999476e-04
-5.270000000000000162e-04
-8.270000000000000441e-04
1.259999999999999998e-04
-2.790000000000000054e-04
-1.100000000000000039e-04
-7.020000000000000415e-04
-8.970000000000000109e-04
-1.709000000000000016e-03
-1.134999999999999941e-03
-7.089999999999999948e-04
-8.509999999999999769e-04
-1.070999999999999903e-03
-1.605000000000000090e-03
-1.123000000000000083e-03
-1.208000000000000089e-03
-1.711999999999999980e-03
-1.199999999999999895e-03
-1.286000000000000034e-03
-4.739999999999999747e-04
-4.220000000000000118e-04
-2.840000000000000185e-04
-1.325999999999999922e-03
-1.490999999999999921e-03
-1.454999999999999913e-03
-3.640000000000000115e-04
-7.529999999999999801e-04
-2.280000000000000126e-04
-3.200000000000000262e-04
-6.539999999999999590e-04
-1.531999999999999942e-03
-1.191999999999999917e-03
-4.569999999999999952e-04
7.940000000000000009e-04
6.189999999999999756e-04
-9.389999999999999476e-04
-5.109999999999999525e-04
1.810000000000000085e-04
7.600000000000000418e-05
1.399999999999999877e-04
-5.259999999999999919e-04
-8.700000000000000051e-05
-2.369999999999999874e-04
1.369999999999999961e-04
1.350000000000000017e-04
2.739999999999999923e-04
5.439999999999999957e-04
8.620000000000000275e-04
2.069999999999999900e-04
1.099999999999999971e-05
7.619999999999999820e-04
3.200000000000000262e-04
1.796999999999999986e-03
3.170000000000000075e-04
1.099999999999999971e-05
5.590000000000000351e-04
1.010999999999999963e-03
2.139999999999999975e-04
1.203999999999999992e-03
9.749999999999999552e-04
1.623000000000000094e-03
1.678000000000000021e-03
2.184000000000000177e-03
9.319999999999999942e-04
9.259999999999999568e-04
7.010000000000000172e-04
2.329999999999999986e-04
2.680000000000000090e-04
-3.899999999999999929e-04
6.679999999999999740e-04
-1.399999999999999877e-04
-2.239999999999999966e-04
7.089999999999999948e-04
6.380000000000000037e-04
1.090000000000000067e-04
-9.009999999999999997e-04
-9.100000000000000287e-05
-7.600000000000000418e-04
-1.100000000000000066e-03
-8.469999999999999881e-04
-8.729999999999999696e-04
-4.479999999999999933e-04
-6.809999999999999647e-04
6.999999999999999895e-06
-6.229999999999999644e-04
-8.989999999999999511e-04
-8.279999999999999600e-04
-1.288999999999999998e-03
-9.590000000000000000e-04
-4.110000000000000155e-04
6.759999999999999516e-04
-5.599999999999999509e-04
-5.180000000000000143e-04
-1.569999999999999944e-04
1.879999999999999890e-04
-1.028000000000000051e-03
7.700000000000000139e-05
-3.770000000000000022e-04
-1.740000000000000010e-04
-9.610000000000000486e-04
-3.350000000000000113e-04
-4.070000000000000267e-04
3.299999999999999982e-04
1.200000000000000030e-05
6.109999999999999980e-04
2.489999999999999809e-04
9.959999999999999236e-04
1.479999999999999979e-03
8.260000000000000198e-04
4.360000000000000269e-04
7.700000000000000139e-05
1.913999999999999903e-03
1.413999999999999892e-03
1.634999999999999952e-03
1.278999999999999972e-03
9.039999999999999642e-04
5.469999999999999602e-04
2.280000000000000126e-04
1.350000000000000017e-04
7.780000000000000457e-04
-5.929999999999999941e-04
-7.240000000000000342e-04
-1.020000000000000073e-03
-2.004000000000000139e-03
-8.890000000000000333e-04
1.379999999999999933e-04
-4.910000000000000085e-04
-1.271999999999999910e-03
1.129999999999999955e-04
-4.330000000000000081e-04
6.399999999999999710e-05
3.260000000000000094e-04
4.519999999999999821e-04
4.749999999999999990e-04
1.190000000000000085e-03
7.429999999999999539e-04
-1.219999999999999974e-04
8.600000000000000331e-05
-3.680000000000000003e-04
-8.649999999999999920e-04
-7.910000000000000364e-04
-4.769999999999999934e-04
-5.899999999999999754e-05
-1.789999999999999870e-04
-5.079999999999999880e-04
-1.049999999999999935e-03
-7.299999999999999632e-04
-4.100000000000000047e-05
-3.750000000000000078e-04
-1.355000000000000085e-03
-1.077000000000000049e-03
-1.340000000000000045e-03
-3.640000000000000115e-04
2.570000000000000127e-04
3.119999999999999944e-04
5.069999999999999637e-04
-2.869999999999999830e-04
2.449999999999999921e-04
-5.689999999999999529e-04
-7.140000000000000079e-04
-1.054000000000000032e-03
-1.582000000000000073e-03
-1.413999999999999892e-03
-2.300000000000000070e-04
-1.069999999999999988e-03
-4.270000000000000249e-04
-8.270000000000000441e-04
-2.970000000000000092e-04
-5.940000000000000184e-04
-8.649999999999999920e-04
-9.269999999999999811e-04
-8.689999999999999808e-04
-1.056999999999999997e-03
-4.600000000000000139e-04
-6.200000000000000270e-05
7.720000000000000083e-04
8.999999999999999754e-04
-5.700000000000000314e-05
1.000000000000000048e-04
3.849999999999999798e-04
1.379000000000000017e-03
9.200000000000000278e-04
2.900000000000000017e-05
4.100000000000000047e-05
-3.519999999999999908e-04
1.090000000000000067e-04
1.789999999999999870e-04
-2.180000000000000134e-04
-4.009999999999999893e-04
-1.230000000000000082e-04
-9.749999999999999552e-04
-4.350000000000000026e-04
-4.550000000000000008e-04
6.700000000000000226e-05
2.429999999999999977e-04
-7.700000000000000139e-05
-4.769999999999999934e-04
5.159999999999999656e-04
7.399999999999999623e-05
-3.710000000000000190e-04
-8.459999999999999638e-04
-1.033999999999999980e-03
-9.920000000000000432e-04
-7.730000000000000326e-04
-9.899999999999999404e-05
-3.710000000000000190e-04
-1.630000000000000047e-04
2.400000000000000061e-04
3.179999999999999776e-04
-5.099999999999999960e-05
1.900000000000000105e-04
-1.090000000000000067e-04
-2.680000000000000090e-04
-5.349999999999999938e-04
-1.093999999999999920e-03
-7.360000000000000006e-04
-6.800000000000000488e-04
4.330000000000000081e-04
-3.000000000000000076e-05
-7.360000000000000006e-04
-1.299999999999999920e-05
1.167000000000000069e-03
1.018999999999999941e-03
1.459999999999999981e-04
-1.699999999999999987e-05
-2.199999999999999943e-05
-2.100000000000000087e-04
-1.810000000000000085e-04
5.599999999999999916e-05
2.509999999999999753e-04
2.620000000000000258e-04
-4.290000000000000193e-04
-7.640000000000000306e-04
-5.220000000000000031e-04
9.089999999999999773e-04
-5.000000000000000409e-06
8.520000000000000013e-04
-6.999999999999999895e-06
-6.650000000000000095e-04
-7.190000000000000210e-04
1.039999999999999936e-04
-2.660000000000000146e-04
2.020000000000000040e-04
7.999999999999999638e-06
1.900000000000000105e-05
8.850000000000000444e-04
1.405999999999999915e-03
2.148000000000000170e-03
2.115999999999999825e-03
1.087999999999999991e-03
-1.640000000000000019e-04
5.860000000000000408e-04
3.849999999999999798e-04
5.389999999999999826e-04
-1.640000000000000019e-04
-8.530000000000000256e-04
-1.150999999999999896e-03
-9.990000000000001049e-04
-1.165000000000000020e-03
-1.900000000000000105e-05
1.689999999999999879e-04
3.680000000000000003e-04
9.870000000000000301e-04
7.269999999999999987e-04
-1.900000000000000105e-05
3.780000000000000265e-04
3.910000000000000172e-04
2.049999999999999956e-04
2.190000000000000106e-04
8.419999999999999750e-04
9.479999999999999495e-04
5.090000000000000123e-04
-4.189999999999999931e-04
-1.359999999999999989e-04
6.989999999999999686e-04
4.299999999999999894e-04
-1.069000000000000072e-03
-4.420000000000000101e-04
6.700000000000000226e-04
8.689999999999999808e-04
6.509999999999999945e-04
3.710000000000000190e-04
7.159999999999999481e-04
8.189999999999999581e-04
-3.730000000000000134e-04
-7.479999999999999670e-04
-7.960000000000000495e-04
-1.589999999999999888e-04
-2.410000000000000033e-04
-5.670000000000000127e-04
-1.567999999999999949e-03
-1.311000000000000099e-03
-1.464999999999999939e-03
-8.429999999999999993e-04
-1.015999999999999976e-03
-5.240000000000000517e-04
-7.990000000000000140e-04
-1.008999999999999914e-03
-3.620000000000000171e-04
-6.080000000000000335e-04
-1.061000000000000094e-03
-3.869999999999999742e-04
-9.759999999999999796e-04
4.970000000000000459e-04
4.300000000000000165e-05
1.049999999999999935e-03
1.539000000000000003e-03
1.735999999999999913e-03
1.175999999999999962e-03
4.820000000000000066e-04
3.690000000000000246e-04
-2.180000000000000134e-04
-1.399999999999999979e-05
-1.389999999999999905e-04
-5.659999999999999884e-04
5.689999999999999529e-04
4.399999999999999886e-05
5.450000000000000200e-04
7.889999999999999878e-04
8.229999999999999469e-04
2.979999999999999793e-04
3.669999999999999760e-04
8.469999999999999881e-04
8.239999999999999712e-04
-1.399999999999999877e-04
5.190000000000000386e-04
2.090000000000000115e-04
-4.670000000000000214e-04
1.510000000000000112e-04
1.759999999999999954e-04
3.559999999999999797e-04
-6.629999999999999609e-04
2.539999999999999940e-04
-9.659999999999999533e-04
-2.200000000000000078e-04
-3.510000000000000208e-04
-6.299999999999999990e-05
-4.670000000000000214e-04
-9.030000000000000483e-04
-3.919999999999999873e-04
-8.019999999999999785e-04
-2.500000000000000052e-04
-8.580000000000000387e-04
-4.550000000000000008e-04
-1.060000000000000016e-04
1.990000000000000124e-04
-7.389999999999999651e-04
-1.482000000000000027e-03
-3.780000000000000265e-04
3.629999999999999872e-04
-7.399999999999999623e-05
-5.289999999999999564e-04
4.150000000000000043e-04
7.159999999999999481e-04
5.670000000000000127e-04
6.030000000000000204e-04
-4.809999999999999823e-04
-4.800000000000000122e-05
4.870000000000000197e-04
-1.079999999999999960e-04
4.100000000000000047e-05
3.490000000000000263e-04
4.420000000000000101e-04
1.711000000000000064e-03
1.031999999999999931e-03
1.595000000000000064e-03
7.330000000000000361e-04
8.499999999999999526e-04
2.559000000000000077e-03
1.675000000000000057e-03
2.138999999999999842e-03
9.190000000000000035e-04
5.450000000000000200e-04
8.350000000000000217e-04
8.040000000000000271e-04
9.070000000000000371e-04
2.730000000000000222e-04
1.124999999999999915e-03
1.077999999999999965e-03
1.057999999999999913e-03
5.159999999999999656e-04
5.689999999999999529e-04
1.193000000000000050e-03
1.010000000000000047e-03
1.245000000000000013e-03
6.710000000000000469e-04
1.376000000000000053e-03
2.680000000000000090e-04
3.640000000000000115e-04
-3.710000000000000190e-04
4.070000000000000267e-04
-4.209999999999999875e-04
-2.100000000000000087e-04
-4.800000000000000122e-05
-2.629999999999999959e-04
1.345999999999999974e-03
4.789999999999999879e-04
5.109999999999999525e-04
5.749999999999999903e-04
1.115000000000000106e-03
1.445000000000000104e-03
7.450000000000000025e-04
-1.240000000000000054e-04
7.690000000000000438e-04
3.600000000000000227e-04
-7.499999999999999343e-05
-6.710000000000000469e-04
-4.330000000000000081e-04
2.059999999999999928e-04
3.089999999999999756e-04
4.499999999999999877e-04
2.970000000000000092e-04
6.199999999999999999e-04
7.889999999999999878e-04
1.404999999999999999e-03
2.530000000000000239e-04
3.789999999999999966e-04
1.732000000000000033e-03
5.910000000000000539e-04
5.130000000000000011e-04
1.167999999999999984e-03
5.590000000000000351e-04
4.970000000000000459e-04
8.409999999999999507e-04
1.247000000000000062e-03
6.290000000000000018e-04
1.342000000000000094e-03
1.515999999999999986e-03
6.989999999999999686e-04
1.409000000000000096e-03
1.773999999999999969e-03
1.484000000000000076e-03
1.077999999999999965e-03
9.399999999999999719e-04
7.739999999999999485e-04
5.689999999999999529e-04
5.099999999999999960e-05
3.600000000000000091e-05
5.010000000000000347e-04
7.060000000000000303e-04
1.329000000000000103e-03
7.110000000000000434e-04
1.412999999999999977e-03
1.770000000000000089e-03
1.814000000000000074e-03
1.726000000000000104e-03
1.149000000000000065e-03
1.696000000000000025e-03
7.389999999999999651e-04
1.900999999999999912e-03
1.923000000000000013e-03
1.966999999999999998e-03
9.470000000000000336e-04
4.290000000000000193e-04
2.860000000000000129e-04
1.087999999999999991e-03
3.400000000000000244e-04
6.499999999999999702e-04
1.670999999999999959e-03
2.620000000000000258e-04
1.000000000000000048e-04
4.400000000000000157e-04
2.689999999999999791e-04
1.420000000000000092e-04
3.449999999999999833e-04
6.849999999999999535e-04
4.699999999999999724e-05
8.100000000000000375e-05
-7.349999999999999763e-04
-3.730000000000000134e-04
5.439999999999999957e-04
1.250000000000000026e-04
4.970000000000000459e-04
3.440000000000000132e-04
3.660000000000000059e-04
6.989999999999999686e-04
5.940000000000000184e-04
8.769999999999999584e-04
1.049000000000000019e-03
1.077999999999999965e-03
1.941000000000000017e-03
1.095999999999999969e-03
1.275000000000000092e-03
-1.179999999999999951e-04
-2.950000000000000148e-04
-1.169999999999999979e-04
4.820000000000000066e-04
7.089999999999999948e-04
8.840000000000000201e-04
1.445000000000000104e-03
6.769999999999999759e-04
1.147999999999999932e-03
1.526999999999999929e-03
1.257000000000000088e-03
8.239999999999999712e-04
1.289999999999999914e-03
7.489999999999999913e-04
5.370000000000000424e-04
2.390000000000000089e-04
-4.150000000000000043e-04
-9.000000000000000228e-06
1.079999999999999960e-04
-9.299999999999999727e-05
-6.539999999999999590e-04
-6.700000000000000226e-05
9.740000000000000394e-04
6.570000000000000319e-04
1.569999999999999944e-04
2.530000000000000239e-04
3.490000000000000263e-04
1.183000000000000024e-03
1.244000000000000097e-03
6.669999999999999497e-04
6.449999999999999570e-04
6.549999999999999833e-04
7.569999999999999689e-04
1.131000000000000061e-03
6.999999999999999929e-04
-4.440000000000000045e-04
2.919999999999999961e-04
-1.720000000000000066e-04
8.130000000000000291e-04
4.500000000000000283e-05
8.310000000000000329e-04
2.300000000000000002e-05
-6.679999999999999740e-04
6.600000000000000506e-05
6.229999999999999644e-04
-4.719999999999999803e-04
1.330999999999999935e-03
6.949999999999999798e-04
9.979999999999999722e-04
2.369999999999999874e-04
4.800000000000000122e-05
1.090000000000000067e-04
-4.519999999999999821e-04
-3.739999999999999835e-04
-7.029999999999999574e-04
-3.319999999999999926e-04
1.090000000000000067e-04
4.360000000000000269e-04
6.819999999999999890e-04
2.339999999999999958e-04
8.940000000000000464e-04
9.120000000000000502e-04
5.779999999999999548e-04
4.850000000000000253e-04
2.100000000000000087e-04
6.149999999999999868e-04
4.629999999999999784e-04
5.450000000000000200e-04
3.379999999999999758e-04
-7.299999999999999903e-05
-3.300000000000000253e-05
2.300000000000000002e-05
4.449999999999999746e-04
5.320000000000000293e-04
1.337999999999999997e-03
4.650000000000000270e-04
1.502000000000000080e-03
7.230000000000000098e-04
6.210000000000000242e-04
8.819999999999999715e-04
6.819999999999999890e-04
2.049999999999999956e-04
7.330000000000000361e-04
1.673999999999999924e-03
9.330000000000000186e-04
1.245999999999999929e-03
1.572999999999999962e-03
1.763000000000000027e-03
1.637000000000000000e-03
1.129999999999999928e-03
6.279999999999999775e-04
1.185999999999999988e-03
2.889999999999999774e-04
9.909999999999999105e-04
1.180999999999999975e-03
1.855000000000000095e-03
1.833999999999999910e-03
1.317999999999999944e-03
6.489999999999999459e-04
1.631000000000000071e-03
6.269999999999999532e-04
5.190000000000000386e-04
-9.500000000000000523e-05
7.789999999999999616e-04
7.159999999999999481e-04
2.190000000000000106e-04
