4.095900273624318855e-01
9.068476381787782259e-01
3.167812474063123607e-01
8.116158326175491045e-01
5.733583982327685735e-01
9.173195452827095364e-01
2.844164892188720817e-01
7.632140620473124581e-01
6.776938407770758399e-01
8.190933710620920127e-01
5.556728270408627379e-01
9.258770112347932679e-01
2.573578923814491271e-01
7.167180285391033800e-01
7.613748603979664242e-01
6.813119338197883845e-01
8.142224349544825435e-01
5.672409801422849673e-01
9.205449397106431064e-01
2.742823263141433432e-01
7.464432441969192089e-01
7.097464777113661194e-01
7.725240565787827585e-01
6.589898946969164895e-01
8.427083001909878579e-01
4.970663286757640575e-01
9.374677258971050309e-01
2.198324579940576506e-01
6.431480565238070213e-01
8.606573771754636448e-01
4.497234610834325852e-01
9.280210111296407494e-01
2.504925526183497952e-01
7.040476263790990119e-01
7.813671231339586187e-01
6.406220325724490960e-01
8.633454148319740229e-01
4.424254107021776683e-01
9.250693750019515216e-01
2.599350991329386629e-01
7.213831626438300670e-01
7.537106073668080608e-01
6.961159789108701812e-01
7.932694605593667569e-01
6.149738381370676299e-01
8.879288120401176432e-01
3.731671379592865212e-01
8.771753441496051851e-01
4.040203491211007969e-01
9.029546498143673494e-01
3.286033132236771959e-01
8.273369091078716098e-01
5.356895547588936823e-01
9.327234588041696250e-01
2.353140307520854291e-01
6.747800163123450767e-01
8.229447971169614462e-01
5.463999675565672787e-01
9.294264112903106723e-01
2.459735898237185026e-01
6.955146859985684715e-01
7.941525283458042983e-01
6.130285877541404860e-01
8.895920188136421380e-01
3.683177207876651704e-01
8.724741650304176366e-01
4.172362364433495063e-01
9.118130979072707198e-01
3.015373964700625020e-01
7.897972312504456527e-01
6.225658678484089492e-01
8.811660301446239130e-01
3.926717154892037098e-01
8.943023975398859404e-01
3.544710723536165786e-01
8.580799920678512382e-01
4.566701973025784622e-01
9.304594807432595704e-01
2.426423828934125282e-01
6.891264634395716238e-01
8.033669281006514673e-01
5.923819010054031109e-01
9.054959413748545627e-01
3.208989057319519556e-01
8.172104926199540431e-01
5.601656376442727403e-01
9.239253601757176915e-01
2.635773337495800894e-01
7.278912108114095059e-01
7.427459851309115013e-01
7.165289501355873725e-01
7.616820515744262554e-01
6.807093895642474246e-01
8.150404369624389966e-01
5.653107115444331310e-01
9.215044160908495430e-01
2.712526020596698895e-01
7.412798547582308828e-01
7.191901188294262948e-01
7.573338442782824309e-01
6.891723472086026536e-01
8.033018364434545422e-01
5.925299850376047894e-01
9.053932570085274634e-01
3.212111518950674927e-01
8.176295542249176762e-01
5.591679985608002390e-01
9.243718047986592135e-01
2.621571423447325855e-01
7.253654064839106796e-01
7.470391258512814048e-01
7.086437636198803514e-01
7.742541746344930864e-01
6.554424288583237113e-01
8.468911924148436743e-01
4.862493773437795985e-01
9.367909514121234293e-01
2.220512428668451332e-01
6.477918315305043473e-01
8.555909044982212830e-01
4.633316573930132409e-01
9.324578724392122986e-01
2.361757071200624447e-01
6.764877843240035826e-01
8.206952324415149880e-01
5.518296295848099664e-01
9.274263356141301262e-01
2.524002285880387331e-01
7.076038244877920214e-01
7.758774452176576686e-01
6.520936320756686166e-01
8.507532265576167596e-01
4.761456527228293822e-01
9.353661379349255123e-01
2.267112222736027971e-01
6.574246648830445183e-01
8.445655308242291381e-01
4.922797311293145017e-01
9.372764904321161383e-01
2.204597659326429093e-01
6.444647157658769387e-01
8.592372971200663567e-01
4.535571163420094032e-01
9.294114695907388368e-01
2.460217116897074063e-01
6.956063590011520859e-01
7.940180711936715152e-01
6.133251517933241415e-01
8.893402873913252016e-01
3.690530273026511043e-01
8.731983387802491059e-01
4.152112497437340788e-01
9.105407543624269850e-01
3.054610837782351651e-01
7.955797877822292641e-01
6.098722089547962133e-01
8.922303663727260137e-01
3.605825238566892077e-01
8.646103775468600983e-01
4.389722721942604933e-01
9.235335616457571728e-01
2.648224580987235677e-01
7.300932141947752418e-01
7.389641729306897222e-01
7.233604652083178710e-01
7.504128846822143428e-01
7.023502019442450228e-01
7.839539841492122463e-01
6.351380058217084290e-01
8.690164476844945973e-01
4.268507300186875075e-01
9.174344411295041191e-01
2.840568275958695876e-01
7.626320485951499917e-01
6.788415264401804761e-01
8.175589065770483277e-01
5.593362782009606571e-01
9.242970228347182626e-01
2.623951365509796241e-01
7.257897332451465067e-01
7.463212363540708827e-01
7.099719319537572959e-01
7.721692042185250848e-01
6.597147160314554837e-01
8.418420355612182826e-01
4.992900852126104239e-01
9.374981100787299626e-01
2.197327637907730558e-01
6.429385361536551491e-01
8.608821558084382985e-01
4.491152610714527205e-01
9.277902875406509597e-01
2.512330120720768778e-01
7.054311964397570467e-01
7.792425882349872657e-01
6.450884134343450871e-01
8.585600710766420063e-01
4.553800328606753545e-01
9.300339694968209336e-01
2.440154440455273299e-01
6.917696516729678891e-01
7.995915026146072080e-01
6.009184933542067730e-01
8.993079663716884165e-01
3.395743049703995875e-01
8.409884864035110930e-01
5.014756955259095372e-01
9.374918337101805221e-01
2.197533578883890948e-01
6.429818234443750447e-01
8.608357431169558760e-01
4.492408743346283373e-01
9.278381668563262519e-01
2.510793861788187531e-01
7.051444800558238635e-01
7.796840336348463962e-01
6.441631549865329820e-01
8.595636927912332359e-01
4.526773155987436348e-01
9.291021132789716308e-01
2.470176614232022227e-01
6.974997613808042729e-01
7.912269159544701447e-01
6.194508128386799761e-01
8.839931374206698722e-01
3.845597640518645388e-01
8.875258197158955031e-01
3.743390214507122393e-01
8.782849442626328162e-01
4.008768785408129420e-01
9.006547754707021625e-01
3.355340658469546655e-01
8.360660868868731166e-01
5.139734446670424228e-01
9.367677856655141078e-01
2.221271302681632198e-01
6.479500060012262086e-01
8.554154839658892895e-01
4.637993765898476006e-01
9.325856807426863293e-01
2.357611080614499532e-01
6.756667799515773121e-01
8.217794340804154274e-01
5.492174842608283925e-01
9.284161471613815442e-01
2.492235181927405230e-01
7.016668356463997558e-01
7.849893277513799728e-01
6.329290615043120516e-01
8.712369922784356513e-01
4.206866083652276989e-01
9.139101971527097135e-01
2.950438075987686370e-01
7.799735969864602936e-01
6.435554437142366746e-01
8.602193796750323695e-01
4.509074943995058371e-01
9.284622221019953603e-01
2.490754658678265010e-01
7.013882931395688525e-01
7.854103326987414979e-01
6.320285324579762998e-01
8.721317498137240998e-01
4.181923529271594497e-01
9.124031583015208557e-01
2.997136313359902160e-01
7.870701394776912219e-01
6.284652563259708336e-01
8.756125421891348681e-01
4.084320680633076739e-01
9.060574269031398398e-01
3.191901227130046759e-01
8.149042060329811932e-01
5.656325288352664904e-01
9.213463918450797152e-01
2.717520677967469878e-01
7.421358054185220876e-01
7.176384440037135715e-01
7.598756538436591823e-01
6.842424170224898905e-01
8.102052441364159252e-01
5.766476494134997743e-01
9.154692668976945891e-01
2.901948309880958421e-01
7.724317164595737584e-01
6.591785995008390131e-01
8.424831504785681435e-01
4.976448436435291778e-01
9.374791996445119846e-01
2.197948120439895958e-01
6.430689474095132585e-01
8.607422860767521833e-01
4.494937613854451119e-01
9.279341994787863035e-01
2.507712034366887388e-01
7.045687761135136506e-01
7.805685593978217707e-01
6.423048130403661293e-01
8.615600256957991476e-01
4.472788043206989972e-01
9.270767832230432104e-01
2.535203296194665779e-01
7.096791453341384504e-01
7.726299600447946725e-01
6.587733933224012572e-01
8.429662858983377749e-01
4.964029752641235804e-01
9.374514802989356577e-01
2.198857589410121438e-01
6.432600448348021471e-01
8.605370983272392360e-01
4.500487527366548446e-01
9.281432733631356236e-01
2.501000155271224656e-01
7.033124916017083894e-01
7.824901153451446767e-01
6.382475052460757636e-01
8.658286023496359896e-01
4.356353763859196482e-01
9.219644821013166514e-01
2.697974094186285643e-01
7.387753773360955512e-01
7.236986969175194240e-01
7.498458487402641648e-01
7.034139445022138393e-01
7.823353769326885088e-01
6.385752559960375940e-01
8.654883690961223675e-01
4.365684452079623412e-01
9.224116419624927010e-01
2.683815177545658126e-01
7.363232950587055292e-01
7.280673757972350169e-01
7.424447703636104512e-01
7.170769999625107305e-01
7.607909103272854079e-01
6.824553790899966499e-01
8.126626299042211121e-01
5.709077994801602385e-01
9.186453148983051431e-01
2.802603761763710066e-01
7.564293664569375908e-01
6.909149250693510380e-01
8.008180926966153024e-01
5.981567816488895240e-01
9.013696733112458448e-01
3.333839450475891697e-01
8.333965883703571276e-01
5.206751807362749451e-01
9.358970133807089642e-01
2.249767264716676096e-01
6.538582463166002778e-01
8.487286501514262893e-01
4.814562321133655232e-01
9.362104825221247983e-01
2.239515560168064690e-01
6.517397121542162219e-01
8.511564740825835473e-01
4.750842401620793409e-01
9.351720184188713203e-01
2.273449289446707045e-01
6.587220458543000534e-01
8.430274205993454339e-01
4.962457076885991580e-01
9.374471448346521907e-01
2.198999830350406304e-01
6.432899268608605059e-01
8.605049882257845839e-01
4.501355754912259588e-01
9.281757718815328850e-01
2.499956564012006943e-01
7.031168556815006188e-01
7.827882860177266533e-01
6.376154448418366316e-01
8.664824600286877843e-01
4.338397743424546871e-01
9.210855920285350162e-01
2.725759656974181544e-01
7.435436573307678820e-01
7.150743261523256900e-01
7.640363783629613437e-01
6.760679658786417079e-01
8.212502677175905763e-01
5.504934955926613638e-01
9.279390258856270446e-01
2.507557129652273620e-01
7.045398201769795810e-01
7.806129823573831894e-01
6.422113279968560962e-01
8.616597682101397870e-01
4.470082952182048430e-01
9.269695470911964996e-01
2.538637719627694911e-01
7.103135896785167658e-01
7.716307274870117805e-01
6.608128045682878371e-01
8.405221570758062422e-01
5.026674770266497116e-01
9.374733171236711016e-01
2.198141130180445990e-01
6.431095077605059052e-01
8.606987579570463121e-01
4.496115225309154639e-01
9.279787550188034473e-01
2.506281946970813634e-01
7.043013851998620733e-01
7.809785400203158590e-01
6.414414751801941206e-01
8.624786591206894393e-01
4.447845813077513366e-01
9.260672157698988105e-01
2.567502286728243210e-01
7.156108078097878078e-01
7.631699233335402788e-01
6.777809679473194571e-01
8.189772278839281272e-01
5.559507303430671898e-01
9.257606841527902253e-01
2.577293993615550338e-01
7.173935852485766596e-01
7.602751090978868698e-01
6.834632534403115578e-01
8.112796298891099545e-01
5.741437200603701774e-01
9.168851579085355308e-01
2.857753691834077348e-01
7.654042783181053133e-01
6.733521339391713711e-01
8.248088912202583556e-01
5.418719406909989766e-01
9.309252771853854247e-01
2.411377705601202570e-01
6.862137981353063632e-01
8.074665801900876572e-01
5.829911327482965033e-01
9.116717695693299373e-01
3.019738280237119210e-01
7.904461320465659968e-01
6.211539164219577192e-01
8.824564820085797345e-01
3.889763976360784414e-01
8.912765989430168068e-01
3.633848366984459011e-01
8.675111143353364529e-01
4.310084281499972358e-01
9.196506113012470340e-01
2.771001166293363127e-01
7.511836574750420104e-01
7.009003883154778514e-01
7.861463774050883035e-01
6.304509401172928573e-01
8.736845708344292971e-01
4.138494057010814742e-01
9.096677816322866761e-01
3.081461575968040267e-01
7.994703868317361017e-01
6.011905777906887405e-01
8.991017511239496329e-01
3.401917209367386064e-01
8.417299272856453296e-01
4.995774629900533448e-01
9.374993304842820230e-01
2.197287593467686651e-01
6.429301187351192937e-01
8.608911793438676074e-01
4.490908375192214086e-01
9.277809644081463913e-01
2.512629243376356958e-01
7.054870019660072211e-01
7.791565950863330592e-01
6.452684828242690740e-01
8.583640046172563709e-01
4.559071507300614945e-01
9.302093274122194000e-01
2.434497547782217830e-01
6.906823937874205788e-01
8.011508426231214175e-01
5.974056374526898194e-01
9.019205317216317797e-01
3.317245731772529016e-01
8.313126777285836377e-01
5.258696609111838116e-01
9.349903524162763713e-01
2.279377248928638189e-01
6.599329442382335653e-01
8.415804500523377252e-01
4.999604855326590935e-01
9.374999941447756946e-01
2.197265817124546272e-01
6.429255412553048776e-01
8.608960862132929437e-01
4.490775560847278802e-01
9.277758926463599565e-01
2.512791962647872301e-01
7.055173567099116694e-01
7.791098103411409070e-01
6.453664266424963269e-01
8.582572575194690190e-01
4.561940153798582087e-01
9.303038839179744723e-01
2.431446280691488271e-01
6.900949421634904324e-01
8.019896736144720428e-01
5.955083888633424527e-01
9.032930537127321635e-01
3.275801731014724716e-01
8.260177623460568386e-01
5.389215698807625632e-01
9.318191677425633479e-01
2.382457738879497633e-01
6.805677191718062513e-01
8.152323704740939148e-01
5.648570722698135205e-01
9.217258506622056924e-01
2.705524008121461543e-01
7.400767471009873644e-01
7.213618331302821263e-01
7.537460206245041316e-01
6.960485888146077382e-01
7.933685655892532829e-01
6.147558177153900072e-01
8.881166336267707351e-01
3.726205451333363117e-01
8.766542792920184457e-01
4.054933270912881027e-01
9.040068329089714361e-01
3.254192961107341131e-01
8.232059168607317456e-01
5.457672573983016751e-01
9.296450930633910481e-01
2.452691025245626877e-01
6.941706370175934060e-01
7.961166139506824502e-01
6.086810660339343482e-01
8.932065970714785363e-01
3.577071450730047730e-01
8.615727878877191825e-01
4.472441964716341589e-01
9.270630944777867866e-01
2.535641750064636102e-01
7.097601905990815752e-01
7.725024841493887129e-01
6.590339854965455713e-01
8.426557179640670192e-01
4.972014710494865875e-01
9.374706308839243496e-01
2.198229266775795498e-01
6.431280284418113835e-01
8.606788780288501250e-01
4.496653010394369709e-01
9.279990678020606509e-01
2.505629923521265900e-01
7.041794220587802577e-01
7.811653635290342068e-01
6.410476438184476988e-01
8.628958581497411240e-01
4.436497355166111323e-01
9.255924288474455253e-01
2.582665669039950762e-01
7.183685524635724517e-01
7.586819073561150706e-01
6.865637655247586180e-01
8.069773552245859127e-01
5.841183876724439505e-01
9.109653632077066021e-01
3.041530134133417218e-01
7.936648419184698655e-01
6.141036023287503864e-01
8.886763797585089941e-01
3.709900193168223503e-01
8.750865933154730048e-01
4.099126781812236220e-01
9.070660291782007834e-01
3.161146795840956703e-01
8.106982085082757861e-01
5.754998371115549460e-01
9.161241547354825876e-01
2.881525794213005143e-01
7.692025139780686027e-01
6.657375242545791050e-01
8.344915239523604811e-01
5.179328265151029731e-01
9.362940514994221308e-01
2.236781273483234578e-01
6.511733351035149386e-01
8.517998353263014355e-01
4.733882844914519272e-01
9.348443122413455653e-01
2.284140904175668563e-01
6.609041014360591548e-01
8.404120130289538526e-01
5.029487301959075785e-01
9.374673937133690682e-01
2.198335478911205010e-01
6.431503466727109819e-01
8.606549184280600784e-01
4.497301118011849397e-01
9.280235187767948979e-01
2.504845026522401485e-01
7.040325621873751993e-01
7.813901758772057171e-01
6.405733834492320922e-01
8.633967144961319784e-01
4.422856046003127983e-01
9.250089321136821807e-01
2.601277785884530958e-01
7.217299402315868750e-01
7.531343760183634162e-01
6.972112037917267413e-01
7.916540291213176594e-01
6.185172273648809060e-01
8.848262505665291933e-01
3.821578382809008301e-01
8.854245934551363550e-01
3.804295603497857559e-01
8.838859123569542398e-01
3.848685236020081835e-01
8.877927867840700316e-01
3.735628294434180097e-01
8.775511571311718217e-01
4.029567140584244811e-01
9.021847524512310867e-01
3.309278433590324142e-01
8.303047719328955356e-01
5.283703411438419595e-01
9.344817140376826536e-01
2.295961506257900853e-01
6.633065934135360386e-01
8.374910870537476404e-01
5.103741230972990151e-01
9.370964158873578143e-01
2.210502120690972794e-01
6.457013092998915571e-01
8.578917317561149947e-01
4.571756562772838484e-01
9.306227834426950007e-01
2.421150689252467569e-01
6.881076087171366096e-01
8.048082282852023761e-01
5.890947898861348397e-01
9.077329440567956098e-01
3.140769237404174019e-01
8.078722864281503435e-01
5.820549571856360460e-01
9.122511900047377553e-01
3.001835862737909921e-01
7.877752530209868320e-01
6.269452640576512747e-01
8.770683747499994354e-01
4.043229028627274291e-01
9.031720990626934675e-01
3.279459695151812904e-01
8.264902897272339288e-01
5.377653401768506258e-01
9.321516715549753584e-01
2.371684978959026080e-01
6.784485056313894757e-01
8.180854906422149186e-01
5.580810774108803107e-01
9.248497066754673979e-01
2.606352252666349623e-01
7.226418923131703309e-01
7.516147042020400182e-01
7.000876523599496304e-01
7.873684926490648328e-01
6.278225603722663584e-01
8.762302239745437538e-01
4.066905696302424156e-01
9.048500632652675124e-01
3.228615985279083556e-01
8.198324502146702164e-01
5.539020142113018075e-01
9.266046482398673234e-01
2.550317778755215037e-01
7.124646380593955275e-01
7.682204159035876945e-01
6.677167818468990879e-01
8.320165540759487666e-01
5.241187793232472414e-01
9.353185668148368270e-01
2.268665451985366621e-01
6.577429345058136700e-01
8.441893748006046305e-01
4.932512785288833967e-01
9.373292053443947891e-01
2.202868730731506741e-01
6.441021248430159885e-01
8.596296660589793914e-01
4.524993873386511378e-01
9.290388442379868827e-01
2.472212630059966165e-01
6.978859129639366499e-01
7.906543704391097993e-01
6.207001385424176787e-01
8.828680370844044223e-01
3.877952481717567013e-01
8.902878512518587195e-01
3.662827243695262469e-01
8.704488382423646309e-01
4.228787184183088743e-01
9.151961547269905628e-01
2.910455741247034434e-01
7.737676796517194422e-01
6.564422159179257310e-01
8.457218740450841432e-01
4.892864467753311186e-01
9.370695741648832344e-01
2.211382025224786219e-01
6.458853671535219609e-01
8.576904736893078418e-01
4.577157188696946433e-01
9.307951483848498908e-01
2.415582754802818866e-01
6.870295313522779557e-01
8.063248290080522462e-01
5.856191217494534085e-01
9.100101224656961252e-01
3.070938730337432476e-01
7.979520981707941552e-01
6.045920519835803475e-01
8.964768849819900742e-01
3.480227987811668200e-01
8.508859886613385770e-01
4.757963361043311412e-01
9.353031849525956787e-01
2.269167643879735630e-01
6.578457991037491848e-01
8.440676388948707976e-01
4.935654744949080075e-01
9.373447383057161852e-01
2.202359245361423523e-01
6.439952327994485914e-01
8.597451484913721798e-01
4.521878555134521971e-01
9.289274956484905310e-01
2.475795130376780007e-01
6.985646166063907980e-01
7.896453488698389478e-01
6.228958945427597316e-01
8.808622466420058528e-01
3.935398090605146670e-01
8.949983540442311147e-01
3.524111261338059298e-01
8.558157161659075696e-01
4.627319104850336484e-01
9.322915856396417622e-01
2.367149436943660201e-01
6.775536717230217221e-01
8.192801012162753693e-01
5.552258136274685896e-01
9.260629106594402415e-01
2.567639856015219157e-01
7.156359048732875427e-01
7.631293369855443043e-01
6.778610700658045385e-01
8.188703990814262257e-01
5.562062572111948766e-01
9.256532124386588345e-01
2.580725352774373982e-01
7.180166317984246760e-01
7.592578059722630002e-01
6.854452126591815686e-01
8.085377741317159028e-01
5.805166572519234736e-01
9.131890046436610398e-01
2.972806741559274601e-01
7.833932809849677437e-01
6.363309310971567712e-01
8.678020395981836943e-01
4.302062237528104238e-01
9.192331079893397705e-01
2.784135043709946578e-01
7.533728435807129920e-01
6.967582580093383271e-01
7.923232046442398868e-01
6.170517900994568761e-01
8.861207941294226842e-01
3.784152462782399695e-01
8.820643037340710757e-01
3.901007542957480867e-01
8.922080842261367328e-01
3.606480700037386078e-01
8.646788985236889546e-01
4.387848786433086734e-01
9.234476584398209065e-01
2.650953021068728765e-01
7.305741859040200126e-01
7.381332929801190934e-01
7.248470054041677990e-01
7.479143406029179486e-01
7.070192989628264479e-01
7.767862869635245859e-01
6.502100675585453793e-01
8.528885085152146939e-01
4.705113770921521832e-01
9.342390791962452701e-01
2.303865828704888541e-01
6.649072698890557964e-01
8.355209712665179200e-01
5.153462919013966914e-01
9.366168424682892457e-01
2.226214982738290993e-01
6.489793754255422931e-01
8.542692963668074846e-01
4.668497461941267246e-01
9.333789775222730567e-01
2.331849819065593132e-01
6.705365479492384484e-01
8.284398218008390824e-01
5.329773129578739832e-01
9.334218631127941812e-01
2.330455821593786225e-01
6.702575204826559663e-01
8.287964126966175238e-01
5.320984462418834049e-01
9.336363365582134310e-01
2.323482285613944209e-01
6.688594846716616749e-01
8.305742791365781086e-01
5.277024223999940977e-01
9.346221592243961762e-01
2.291384201667135689e-01
6.623775171383107230e-01
8.386257822299910680e-01
5.074971735342249657e-01
9.372892214587413839e-01
2.204180129850293879e-01
6.443771720128529390e-01
8.593321207558916042e-01
4.533016012240250192e-01
9.293222233191001935e-01
2.463091071162924750e-01
6.961534907545021689e-01
7.932142802430878215e-01
6.150951969807297859e-01
8.878241086198762622e-01
3.734717278994940659e-01
8.774647363472262152e-01
4.032013980536962583e-01
9.023626149796539764e-01
3.303912227502552312e-01
8.296232350494242569e-01
5.300569609333199983e-01
9.341121716229483507e-01
2.307998341830294065e-01
6.657422652154332265e-01
8.344856307047137101e-01
5.179476106952620729e-01
9.362920622637425083e-01
2.236846365211898613e-01
6.511868246458988319e-01
8.517845402005883582e-01
4.734286397844773564e-01
9.348523605611135379e-01
2.283878419291024142e-01
6.608506334552615158e-01
8.404765264389041368e-01
5.027840060403683253e-01
9.374709349138770076e-01
2.198219291459189428e-01
6.431259322968208014e-01
8.606811281406220315e-01
4.496592142620307597e-01
9.279967698423143840e-01
2.505703687670436386e-01
7.041932214862177686e-01
7.811442311215515133e-01
6.410922049015186364e-01
8.628487114351045539e-01
4.437780472870658799e-01
9.256465951242923706e-01
2.580936602216127307e-01
7.180549604063379832e-01
7.591951284082139040e-01
6.855670702854356202e-01
8.083682340963007640e-01
5.809088707512338745e-01
9.129515798766004719e-01
2.980162225403237275e-01
7.845095761616998065e-01
6.339536290210873171e-01
8.702115947703034093e-01
4.235376566161074829e-01
9.155756626659137254e-01
2.898632572492000348e-01
7.719095600478154129e-01
6.602444668297630104e-01
8.412064156891686517e-01
5.009181820970634025e-01
9.374968385311374108e-01
2.197369360322245502e-01
6.429473061577297699e-01
8.608727537334309732e-01
4.491407085481892714e-01
9.277999967738240761e-01
2.512018603511854131e-01
7.053730714023336290e-01
7.793321307853948721e-01
6.449008526658414064e-01
8.587640358626704717e-01
4.548313746432318672e-01
9.298492323126748005e-01
2.446111405507654935e-01
6.929119892595717589e-01
7.979436164996807079e-01
6.046110052015920555e-01
8.964620159651718323e-01
3.480670121131193562e-01
8.509363769691187240e-01
4.756637224492072380e-01
9.352790459811403112e-01
2.269955704865562751e-01
6.580071804976467265e-01
8.438764909169403916e-01
4.940585962299428036e-01
9.373676239546542277e-01
2.201608556859756538e-01
6.438376999109799437e-01
8.599151853161958181e-01
4.517289726705315811e-01
9.287621547020914470e-01
2.481113051070742426e-01
6.995703201942695681e-01
7.881438273658377680e-01
6.261492553161235319e-01
8.778238701869530702e-01
4.021842116885716578e-01
9.016202683388019334e-01
3.326293502230077692e-01
8.324514959746027731e-01
5.230350105909324920e-01
9.355102060765335681e-01
2.262407265119072142e-01
6.564594756722685887e-01
8.457016217713455575e-01
4.893389576424807541e-01
9.370737831594420086e-01
2.211244052800990234e-01
6.458565100110807977e-01
8.577220443277030482e-01
4.576310212575331882e-01
9.307682611512013704e-01
2.416451444428889261e-01
6.871978822877410353e-01
8.060885732511939850e-01
5.861616949689316680e-01
9.096606087003029639e-01
3.081681962973646938e-01
7.995020965807260183e-01
6.011193530390605000e-01
8.991557866536069588e-01
3.400299674285257590e-01
8.415359575465554132e-01
5.000744613853406184e-01
9.374999792081328831e-01
2.197266307233123606e-01
6.429256442786005499e-01
8.608959757783010147e-01
4.490778550013548309e-01
9.277760068077636202e-01
2.512788299985156404e-01
7.055166734740977441e-01
7.791108634655291576e-01
6.453642221082253050e-01
8.582596609907644503e-01
4.561875574004344847e-01
9.303017620254742104e-01
2.431514759916456048e-01
6.901081339302367335e-01
8.019708653008619237e-01
5.955509869104326226e-01
9.032625333766588493e-01
3.276724844048966578e-01
8.261371026330729395e-01
5.386297135728916885e-01
9.319040446097862640e-01
2.379708609364040994e-01
6.800277385559652110e-01
8.159625500640939055e-01
5.631287510887310610e-01
9.225553529474138648e-01
2.679261513580743492e-01
7.355314829119671272e-01
7.294684520898365720e-01
7.400408606081039231e-01
7.214264446444530465e-01
7.536387360454386286e-01
6.962527184147712100e-01
7.930682644305470097e-01
6.154162214387511876e-01
8.875466093580043347e-01
3.742785959066789458e-01
8.782279820730144460e-01
4.010384759136579880e-01
9.007748128144063005e-01
3.351733103009159609e-01
8.356206088606569216e-01
5.150955259050072899e-01
9.366454691161921753e-01
2.225277536261267564e-01
6.487843218458871908e-01
8.544870958982229148e-01
4.662708706561654037e-01
9.332337968764008451e-01
2.336567896652154419e-01
6.714798536571027210e-01
8.272299742115198917e-01
5.359520399157301496e-01
9.326529405971166753e-01
2.355428737225043756e-01
6.752341063539327726e-01
8.223487798887696432e-01
5.478422403908307370e-01
9.289167001289474479e-01
2.476142413143546384e-01
6.986303580475169417e-01
7.895474282321821580e-01
6.231085755154849304e-01
8.806660448795555762e-01
3.941001085340856691e-01
8.954445487031534867e-01
3.510885333785972451e-01
8.543451566574856715e-01
4.666481623251822475e-01
