0.006781
-0.011505
-0.017438
0.013577
-0.002498
0.000782
0.005427
0.014654
-0.008031
-0.000515
0.002059
0.002918
-0.004980
-0.004557
0.005594
0.011257
-0.010050
0.018361
-0.011848
-0.011819
-0.023748
-0.001139
0.005904
-0.036250
-0.011179
-0.005578
-0.002304
0.024039
0.002567
-0.007539
0.001581
0.004159
0.011818
-0.000111
-0.003148
0.003841
-0.009801
0.008592
-0.017397
-0.014476
-0.011471
0.009178
-0.007873
0.004459
0.020235
0.008071
0.018180
0.008363
-0.026256
-0.002134
-0.002922
0.002801
-0.006240
0.001241
0.004343
0.008814
-0.013314
0.001531
0.001852
-0.027642
0.002749
0.008676
0.029114
-0.014369
0.008654
-0.020985
0.012341
0.008358
-0.010815
0.000058
-0.003382
-0.008680
-0.008590
-0.020252
0.008759
-0.016844
0.010880
0.021506
0.009528
-0.003691
-0.003576
-0.015358
0.012363
-0.014968
-0.012351
-0.018670
-0.015468
0.019033
0.023192
0.010455
-0.007836
0.014540
0.002218
0.012163
-0.000524
-0.009916
0.039472
0.002868
0.011961
-0.001862
-0.009849
-0.019260
0.007407
0.026266
0.019746
-0.018794
-0.009399
0.011047
-0.003677
0.036193
0.006870
0.000900
-0.004249
0.003772
0.011683
0.014785
0.007692
0.024004
-0.010289
0.011746
0.008227
-0.015178
0.008300
0.003467
-0.005759
0.003519
-0.019484
0.020752
-0.009665
0.018916
-0.008747
0.007098
0.018544
0.019680
-0.004972
-0.005235
-0.020949
-0.012491
-0.005345
-0.010961
-0.020522
-0.024073
-0.029684
0.006772
0.004525
-0.001122
-0.000662
-0.002982
0.013660
0.003141
0.009277
0.014111
0.022577
-0.025181
0.009454
-0.008739
-0.019341
-0.004584
0.028731
0.002895
0.016853
-0.025336
-0.005090
-0.010362
-0.032742
0.005383
0.022444
0.006372
-0.009976
-0.011041
0.021508
0.009433
-0.013139
-0.001752
0.003268
0.014572
0.013584
-0.001832
-0.013799
0.006418
0.017115
-0.023866
0.014335
-0.028430
-0.014076
0.018299
0.012538
-0.012677
-0.021354
-0.009093
0.009140
-0.004973
-0.010976
0.009619
-0.015426
0.011261
-0.017766
0.013113
0.003117
-0.016853
0.004399
0.008425
-0.008227
0.005077
-0.025446
0.012368
0.001233
0.010821
0.019080
-0.008002
0.022545
-0.008117
-0.015011
0.042341
-0.009599
-0.020995
0.016637
0.012233
0.018718
-0.005198
-0.005647
0.017330
-0.005300
-0.007552
-0.018381
-0.003592
-0.003869
0.033460
-0.020593
0.009107
-0.005318
0.019582
-0.001794
-0.007335
0.025887
0.012523
-0.038658
0.019778
0.005056
0.013035
-0.019205
-0.005502
0.007066
-0.018936
0.007875
0.008550
0.030129
-0.005140
0.001218
0.015855
0.000414
-0.015393
-0.002274
0.019791
-0.001023
0.016212
0.014642
0.005020
0.008891
0.016611
0.013503
0.014017
0.015977
-0.006756
0.017815
-0.000387
0.010675
-0.012691
0.002418
0.029311
-0.012050
0.018464
-0.014341
-0.019784
-0.009384
0.005298
-0.011876
0.010024
0.029190
-0.000444
-0.028497
0.016257
-0.002573
-0.015915
0.001826
0.030151
-0.004544
0.007597
-0.002927
-0.036266
0.000050
-0.029178
0.000535
-0.008593
-0.012364
0.000167
0.022292
-0.006897
0.001449
0.020188
0.006590
0.004966
0.012629
0.016183
-0.000685
0.023838
-0.006992
-0.017211
-0.004665
-0.029511
-0.004173
-0.001021
0.007974
-0.000553
0.000240
-0.021513
0.026493
0.039516
0.004391
0.008014
-0.003899
-0.008044
-0.011284
0.016486
-0.038003
-0.014348
-0.018102
0.005830
-0.008474
-0.010230
-0.010102
0.009014
0.009746
0.008682
-0.001296
0.036373
-0.018610
-0.001623
-0.001052
-0.003194
0.013527
0.004621
0.002600
-0.012689
-0.017475
0.004986
0.016286
0.038222
0.001850
0.019679
-0.016503
0.001060
-0.032382
-0.006858
-0.028608
0.016084
0.014614
-0.020918
0.007179
0.002100
-0.014407
0.015790
0.013676
0.015052
0.007556
-0.016542
-0.009960
0.011786
0.018065
-0.000967
0.022775
0.013032
0.025582
-0.006504
0.005853
-0.012796
-0.015344
0.015025
-0.008031
-0.003078
0.015848
0.015675
0.017942
0.005521
0.022200
0.001314
0.010141
0.015882
-0.003531
0.013730
0.017468
-0.001070
-0.009773
-0.015213
-0.010734
-0.008279
0.011075
0.004225
0.015336
0.014701
0.022975
-0.006081
-0.009748
-0.018659
0.017687
0.047133
0.000371
0.033275
0.012059
-0.012788
-0.002035
0.027343
-0.014032
-0.005617
0.004242
0.005606
0.004163
0.018287
0.001503
-0.005929
-0.019053
0.029662
0.002003
0.022321
0.025298
-0.010148
-0.004872
-0.003751
0.000868
0.024413
-0.002327
0.001443
-0.000515
-0.004803
-0.012620
0.001173
-0.014506
0.026283
-0.009661
0.016278
0.022114
0.005158
0.005780
-0.023063
-0.007601
0.015506
-0.016144
-0.000253
-0.004911
-0.016148
0.001145
0.001271
0.007556
0.002422
-0.017114
-0.014399
0.010564
0.001692
0.004601
-0.009659
0.009177
-0.011555
0.018532
-0.010291
-0.002588
0.002527
-0.015546
0.004176
-0.010037
0.022194
0.002091
0.004682
-0.025501
0.007703
-0.014644
-0.034324
0.007041
-0.010775
-0.029270
0.020276
0.001792
-0.003259
-0.032333
-0.017258
0.006233
0.000075
0.005346
-0.016549
0.022760
-0.002079
0.006891
-0.023565
0.017450
-0.006449
-0.002184
0.033901
0.031938
0.009334
-0.021289
0.014638
0.007021
-0.008592
-0.007058
-0.017640
0.013587
-0.019328
0.001230
-0.007977
-0.004803
-0.027336
0.014429
0.011630
0.020094
-0.001432
-0.013920
-0.008524
0.006717
0.014091
0.019561
0.006398
-0.001401
-0.023923
-0.001755
0.005125
0.014811
-0.010363
-0.012182
0.030326
0.001403
0.002140
0.013699
0.001346
0.006163
0.002580
0.008915
-0.002929
0.011188
-0.001658
0.020918
-0.001676
-0.008344
-0.012613
-0.005004
0.002753
-0.000239
0.022644
0.003598
-0.022882
-0.009333
0.035150
-0.018639
-0.003369
-0.007880
-0.000574
0.011598
0.002732
0.014431
-0.015249
-0.008292
0.031701
-0.013213
0.018231
-0.003868
-0.018864
0.006339
-0.036305
-0.017597
0.022328
-0.017428
0.010787
-0.010101
0.030315
-0.011812
-0.000989
-0.015012
-0.018939
0.003246
0.010797
-0.008862
0.006030
0.021583
0.017858
-0.006769
-0.027680
0.039952
0.007995
-0.006458
0.011281
0.015219
0.019440
0.018585
0.012377
0.025451
0.019592
-0.000735
-0.004227
-0.015009
-0.004048
-0.003425
-0.003686
-0.008723
-0.007171
-0.025387
0.020890
0.003792
0.008407
-0.014785
0.009339
0.000574
0.005709
-0.021115
-0.026326
-0.011666
-0.013682
0.006665
-0.014665
0.017142
0.014244
0.009185
-0.008741
-0.006422
-0.010135
-0.019685
0.010528
-0.015872
-0.006328
-0.026224
-0.027149
0.010136
0.006344
0.005602
0.005853
0.013231
-0.013135
0.006502
0.014558
0.027189
-0.001641
0.007185
0.013188
-0.001289
-0.010172
-0.013056
-0.006820
-0.007815
-0.000039
0.000440
0.000077
-0.009728
0.012616
-0.025893
0.005903
-0.037427
-0.012036
0.001144
0.012342
-0.031541
-0.011318
0.024818
-0.012259
-0.011865
-0.006714
0.029324
-0.007794
0.012323
0.026240
0.008524
0.018887
-0.000878
0.017893
0.009930
0.027682
-0.003193
-0.009712
-0.002376
-0.009979
-0.016839
0.021784
-0.034517
-0.033359
-0.015272
-0.023288
-0.009387
-0.004007
0.027348
0.004463
-0.015826
-0.000730
0.023640
0.009189
0.033119
0.006968
-0.003196
0.020222
-0.022429
-0.001187
0.007142
-0.000873
-0.006734
0.017702
-0.001860
-0.017573
-0.037335
-0.004183
-0.023803
-0.012849
-0.052574
-0.012022
0.009112
-0.007562
-0.013368
-0.001364
0.009609
0.008674
-0.021526
0.020926
0.001134
-0.020656
-0.014747
-0.027511
-0.013595
0.000578
-0.015138
-0.035317
0.003094
-0.001004
0.012126
-0.010722
0.018417
0.002284
0.018279
0.007263
0.016112
-0.007512
-0.001612
0.006348
-0.001578
0.010796
0.010025
-0.012276
-0.011595
0.017067
0.000799
-0.009807
0.005966
0.004489
-0.007744
0.006033
0.002004
0.009204
0.003172
0.002666
0.003807
-0.006048
0.018618
0.018817
0.006193
0.018794
0.023476
0.022690
-0.002520
0.021460
-0.007979
-0.009058
0.009520
0.031912
0.015038
-0.010620
-0.016117
0.025464
0.007791
-0.003338
-0.020809
-0.008945
0.001108
-0.014493
-0.007623
-0.010080
0.016359
-0.003290
0.009636
-0.017776
0.037049
-0.004179
0.001484
0.005247
0.012458
-0.002408
0.012996
-0.021089
-0.021237
-0.000952
-0.007205
0.000734
0.002241
0.013795
0.013238
0.005143
-0.017452
-0.024213
0.018637
-0.003515
-0.006300
-0.031331
0.000327
0.002781
0.011152
0.007108
-0.018798
0.017761
-0.002045
-0.014915
-0.011150
-0.007852
0.009738
-0.017817
0.006734
-0.003392
-0.013407
-0.000414
0.008055
-0.005870
0.014999
0.014438
-0.005733
0.006069
0.007065
-0.026532
-0.002731
0.019916
0.006737
0.009191
0.028282
0.030066
-0.010608
-0.010143
0.003826
-0.015945
-0.000914
0.006464
0.006393
-0.015682
-0.002764
0.003818
-0.000970
0.008341
-0.008974
-0.013541
0.002981
0.022845
-0.007336
-0.001009
-0.002042
-0.008938
-0.000968
-0.016187
0.016777
0.010994
0.020161
0.011997
-0.014807
-0.039627
-0.014584
-0.019396
-0.003020
0.012491
-0.034295
-0.009464
0.015614
-0.007462
0.002565
-0.027327
-0.010728
-0.011061
-0.002857
0.014862
-0.016541
0.011303
0.014602
-0.000097
0.019697
0.014490
-0.015750
0.002915
0.013608
0.021906
0.008387
0.005430
0.017355
0.017864
-0.006826
-0.007208
0.021379
-0.019584
0.016563
-0.003622
0.031326
-0.001910
0.016630
0.026263
0.022433
0.001018
0.015819
0.004846
-0.010484
0.021085
0.027688
0.006526
-0.003988
-0.008727
0.002256
0.020830
-0.003920
-0.013083
0.024820
-0.044351
-0.006098
-0.004612
0.000424
-0.000200
-0.012693
0.027407
-0.000812
-0.030036
-0.006089
-0.009089
0.008912
0.007261
0.002142
0.011360
-0.009066
0.022202
-0.015056
0.026343
0.034262
0.005496
0.006248
-0.016556
0.015932
0.013751
0.020178
-0.019428
-0.018789
-0.008793
-0.002264
0.008679
-0.012687
-0.018725
0.030701
0.028155
0.000068
0.002276
-0.036140
-0.005073
-0.001800
0.014047
0.014597
-0.020136
0.004303
-0.008359
0.014106
-0.009628
0.014152
-0.016093
-0.000144
-0.004123
0.020014
-0.013607
-0.011906
0.000702
0.016285
0.016632
-0.003191
0.000183
-0.003628
-0.004042
-0.015152
0.008926
0.011505
-0.009225
0.012460
-0.011674
0.014591
-0.006799
-0.001847
-0.009953
-0.015889
-0.013478
-0.008846
-0.017287
0.002127
0.043787
-0.011770
0.040388
-0.011964
0.015463
-0.001326
-0.013821
0.008706
0.015703
-0.037731
0.014682
0.032494
-0.013353
-0.027672
0.011195
0.004296
0.014769
0.008220
0.008413
-0.024524
-0.012917
-0.021657
0.008293
-0.001335
0.023103
0.047391
-0.000278
0.002908
0.000226
-0.010334
0.003721
0.005632
0.038953
-0.012768
0.006756
-0.013789
0.037198
0.010417
-0.008015
-0.009050
-0.003471
0.011726
-0.023100
-0.021647
0.012147
-0.020672
0.000474
-0.026878
0.001325
0.027095
-0.005921
0.004928
0.033316
0.006453
0.033547
-0.003822
-0.003838
0.024802
0.010411
-0.003269
0.018066
-0.021914
0.010910
-0.004358
0.014638
-0.007946
0.007470
0.004627
-0.023698
-0.002296
0.013167
-0.000347
0.002145
0.013612
0.016558
0.002728
0.011904
0.011899
-0.002712
0.001542
-0.035238
0.017258
0.001787
0.003101
0.035970
-0.025541
-0.006400
0.009346
0.014596
-0.003062
0.009275
-0.006130
-0.008311
-0.010494
0.016082
0.020269
-0.017090
0.012604
-0.010988
-0.015513
0.027605
0.011780
-0.017541
-0.023417
-0.007643
-0.012722
-0.002124
0.006187
0.024952
-0.018376
-0.042715
0.013323
-0.014477
0.034792
-0.015525
0.005813
0.002761
0.015840
-0.020292
-0.031381
-0.015891
0.003841
0.001787
-0.004824
-0.008165
0.008138
0.015352
-0.025126
-0.022957
-0.016289
-0.015247
-0.018989
-0.002901
0.003307
0.000453
0.002547
-0.001420
-0.005180
-0.000657
-0.026168
-0.008584
0.015276
-0.008564
0.010926
0.016560
-0.005615
0.011500
0.000651
-0.010876
-0.003360
0.003180
0.000317
0.009107
0.029399
-0.005157
0.021153
-0.017932
-0.001264
-0.001075
-0.027883
0.026493
0.007889
-0.034406
0.004581
0.017866
0.039453
0.014702
0.023377
-0.008709
0.000654
-0.004566
-0.021666
0.026440
-0.007705
-0.009042
-0.005770
-0.021229
-0.005726
0.018668
-0.010599
0.003482
0.003342
0.005945
-0.035409
0.008035
0.012434
-0.013699
-0.005655
-0.022071
0.008234
0.006112
0.021303
-0.007407
0.005821
-0.023397
0.020848
-0.015335
-0.013265
-0.018469
0.014175
0.008681
0.015000
-0.017328
0.000889
0.019832
-0.000290
-0.001745
-0.006944
0.013018
-0.004658
-0.004248
-0.002614
-0.012806
-0.010786
0.021520
0.026944
-0.020278
0.014804
0.024019
-0.017711
0.014651
0.023141
0.008212
-0.041658
-0.004250
-0.004061
0.012628
-0.010621
-0.002029
-0.000084
0.016416
0.023385
0.019604
-0.009426
-0.001897
0.010619
-0.021845
0.008895
-0.022536
0.008254
-0.033003
-0.019988
0.012806
0.020941
-0.002284
-0.002214
-0.007542
0.019463
-0.013676
0.012029
-0.036142
-0.005188
0.011158
0.031771
0.002452
0.022191
-0.012408
-0.012076
0.006780
-0.008008
0.012965
0.012370
0.002311
-0.015141
-0.023250
0.001986
0.002153
0.005065
-0.004839
0.013688
-0.017620
0.012005
0.021449
0.010000
0.023436
0.006990
0.005891
0.000011
-0.010632
-0.023534
0.010785
-0.001863
-0.015031
0.009636
-0.011188
-0.016820
0.007187
-0.004682
0.003045
-0.020756
0.000922
0.006230
0.013034
-0.011317
0.013442
-0.013602
-0.004331
-0.022939
0.034051
0.033117
0.018372
-0.019759
-0.005283
0.008068
-0.008221
-0.016987
0.000460
-0.003301
0.007660
-0.009304
0.008429
-0.008095
-0.003848
-0.000705
0.004679
-0.014937
0.024218
-0.003148
0.012502
-0.022080
-0.003692
-0.006858
-0.016338
0.008389
-0.017867
-0.001498
-0.040284
0.031846
0.012699
0.004545
0.019264
0.011574
0.001547
-0.002542
0.007921
0.003491
0.013313
0.015850
0.022325
-0.004582
0.018760
-0.009814
-0.017530
0.009840
0.004267
-0.015913
0.008748
-0.009419
0.001294
-0.013100
0.009354
-0.003327
0.003404
0.002341
-0.006715
-0.019043
-0.023059
0.017288
0.009911
-0.004343
0.007641
-0.019849
-0.028102
0.006620
-0.002208
-0.007461
0.026927
0.027197
-0.007536
0.018277
-0.002884
-0.006628
-0.016059
0.020600
0.014185
0.003537
0.012580
-0.004235
-0.026142
0.007496
-0.033556
0.000657
0.010086
0.019902
-0.026619
-0.024109
0.017244
-0.003238
-0.001504
0.002827
0.026408
0.035969
-0.007597
0.001060
-0.022428
-0.012826
-0.007867
0.008980
0.005601
-0.015268
-0.002815
-0.000103
-0.011259
0.028318
-0.011986
-0.000459
0.022095
0.001165
-0.020992
-0.006194
-0.000234
-0.006865
0.003921
-0.001650
-0.016433
0.009337
-0.016631
-0.015537
0.002361
-0.028896
-0.014856
-0.012416
0.007401
0.011381
0.011818
-0.021432
0.001481
-0.004287
-0.015411
0.002686
-0.016612
-0.016050
-0.013299
-0.005520
0.007354
-0.014143
0.004092
0.015583
0.002672
0.018032
0.005575
0.004175
0.010021
0.011878
-0.013379
0.020215
-0.009368
0.007208
-0.012960
-0.004243
-0.041533
0.025687
0.009021
-0.026335
-0.011565
-0.001753
0.004109
-0.014117
0.000671
0.003496
-0.007801
0.014221
0.020395
-0.014169
0.015101
0.017056
-0.017884
-0.027100
-0.007238
-0.018335
-0.002543
-0.011437
0.012464
0.023427
0.042954
-0.012679
-0.009717
0.018740
0.018209
-0.004127
-0.006482
0.006759
0.005616
-0.006836
-0.042093
-0.009352
0.007566
-0.020128
-0.018888
-0.011896
0.013799
0.001164
-0.011411
-0.015871
0.022216
0.002039
-0.001324
0.002680
-0.004938
0.000565
-0.014136
0.042338
-0.016002
0.000729
-0.004841
0.042045
-0.004720
-0.003340
-0.006231
0.030687
-0.007703
0.030024
-0.010774
0.004449
0.009351
-0.007270
0.018197
-0.016356
-0.033222
0.021188
-0.032212
0.005970
0.036300
-0.021279
0.000513
-0.030447
-0.010996
0.013347
0.023288
0.011579
-0.008671
-0.001856
0.014226
-0.028542
0.027991
-0.028028
-0.005266
-0.004608
-0.003956
0.007580
0.004354
0.018939
0.000374
0.006254
0.003447
-0.016201
-0.014616
0.013270
0.024934
0.000627
0.007165
0.012179
0.014586
-0.011413
0.013529
0.007014
-0.011426
-0.011417
-0.033944
-0.007741
-0.008766
-0.016226
-0.010803
0.025752
-0.023033
0.016482
-0.002470
-0.020667
-0.002633
-0.011766
0.000797
-0.022794
0.015846
-0.023308
0.014832
-0.020097
0.000875
0.024227
0.020761
0.026831
0.012666
-0.003307
0.011655
-0.004908
0.001431
-0.032586
0.002614
-0.003944
0.001265
-0.003960
0.005280
0.012034
-0.000041
-0.004786
-0.001790
0.030008
0.006405
0.000068
-0.004406
0.006800
-0.002651
0.002210
-0.013905
0.017415
0.007545
-0.008571
-0.007747
0.004128
0.017740
0.003884
-0.018950
-0.003721
0.000023
-0.003452
0.022783
0.004874
-0.029261
-0.009530
-0.002481
-0.004477
0.011238
0.008792
-0.013891
-0.008693
0.017788
-0.012048
-0.017011
-0.020205
-0.004466
-0.003325
-0.038174
0.012225
-0.027558
0.020420
0.007839
0.005875
0.009742
0.010429
-0.006585
0.003277
0.014844
-0.009571
-0.000722
0.004161
0.001364
0.015231
0.002164
0.006697
-0.014947
0.011460
0.008625
0.016452
0.004863
0.008548
0.014446
0.033760
0.012893
-0.022530
0.005513
0.021714
0.000143
-0.034123
-0.015601
0.004501
0.004779
0.000506
0.012959
0.008126
-0.009318
-0.003126
0.006883
0.003434
-0.018150
-0.013022
0.003195
-0.013303
-0.024175
-0.007859
0.019771
0.011392
-0.020030
-0.011083
-0.012345
-0.006481
-0.002126
0.012722
0.004478
-0.000366
-0.018005
0.011637
-0.008466
-0.000816
0.004246
-0.011435
-0.010319
-0.006664
-0.022692
-0.003599
0.012549
-0.008591
-0.003096
0.004810
-0.004968
0.018771
-0.014390
0.013314
0.011324
-0.004576
0.003840
0.017836
-0.007137
-0.029583
0.015581
-0.001832
-0.009164
0.004114
-0.029620
-0.012182
0.004419
-0.002687
-0.001656
0.014697
0.008905
-0.000768
-0.006399
0.005370
0.017612
-0.010597
-0.003422
0.002051
-0.001592
-0.000055
0.006013
0.009227
0.031485
0.017543
0.003306
-0.004896
0.008888
0.009082
-0.029565
-0.023259
-0.016910
-0.020525
-0.019121
-0.000918
-0.014143
-0.010267
-0.009559
0.009614
-0.018705
-0.003761
-0.024218
-0.001797
0.007362
-0.020939
0.018479
-0.023437
0.009520
0.013466
0.017130
-0.008249
0.011111
-0.009167
-0.018882
0.001189
0.020723
0.022527
0.010332
0.002599
0.012095
0.013392
0.002069
0.013313
0.002175
-0.007330
-0.019502
-0.029139
0.025881
-0.019452
0.005304
-0.035949
-0.006748
0.003984
0.011811
0.026841
0.004831
-0.009713
0.014729
-0.014854
-0.024207
0.002783
-0.009890
-0.025756
0.019605
-0.007561
0.031275
-0.020021
0.000459
-0.008253
-0.003520
-0.029475
0.010259
-0.009252
-0.010370
0.023217
-0.002324
0.020309
-0.012228
0.010538
-0.000643
0.025788
0.007484
0.008008
-0.001788
0.000544
-0.005460
-0.019884
0.022931
0.036979
0.001473
0.009045
-0.018173
-0.007139
0.004769
0.015334
-0.003573
-0.006457
-0.013989
0.013218
0.026156
0.008784
0.002287
0.024941
-0.011181
-0.018844
0.011363
-0.008981
-0.032568
0.000726
0.006383
0.001089
-0.011470
-0.023731
-0.001980
0.003409
0.012001
-0.035564
0.004983
-0.015920
0.007175
-0.004509
0.002734
0.047149
-0.016427
-0.019519
-0.000617
-0.005867
-0.006282
0.009362
-0.019034
-0.011278
0.042852
-0.005108
-0.031448
-0.031231
-0.020681
0.005906
0.012061
0.005208
0.010562
0.010410
0.002597
-0.008748
-0.007488
-0.006774
-0.004366
0.025094
-0.006499
0.002361
-0.003014
0.021233
-0.024944
0.015714
-0.012161
-0.040278
0.009776
-0.009481
-0.027993
-0.026628
-0.005546
-0.002771
-0.001930
0.013982
0.008170
0.001631
-0.003025
-0.011512
-0.000960
0.001464
0.008212
-0.000530
-0.043890
-0.003028
-0.001332
0.006949
-0.002816
0.020012
0.021990
0.006855
-0.012235
-0.030127
0.005634
0.002531
0.004842
-0.007840
0.005072
0.009697
0.018398
-0.025068
-0.005422
0.002015
0.036169
0.006131
-0.029652
-0.011867
0.025548
-0.029358
0.000936
-0.025830
-0.010236
-0.004892
-0.021863
-0.017434
0.020521
-0.009988
-0.007992
-0.019851
-0.019720
0.024798
0.013136
0.001429
0.011378
-0.011279
-0.030581
-0.026144
0.012991
0.018286
-0.005745
-0.006982
0.034958
-0.007902
-0.004297
-0.015214
0.014080
-0.010274
-0.009817
0.008909
-0.007553
-0.023604
0.008384
-0.008473
-0.013555
0.009554
-0.041930
-0.020464
-0.016602
-0.000268
0.001064
0.002804
-0.011742
-0.007222
-0.015568
0.004926
-0.007527
-0.018497
-0.000767
0.009911
0.000678
-0.007782
0.005605
-0.006746
0.006342
-0.002741
-0.008923
0.019584
-0.021114
-0.002877
-0.013609
0.004101
-0.006465
0.013050
0.010022
0.006067
0.008229
-0.011631
-0.020290
0.016946
-0.022356
0.001942
0.012317
0.017619
-0.018359
0.002730
-0.028871
0.003718
0.010235
0.019099
0.012996
0.013375
-0.015480
0.024669
0.023253
0.015770
-0.011485
-0.018621
0.007500
-0.012379
-0.005299
-0.033077
-0.009181
0.033918
-0.005111
0.014494
0.001406
0.018342
0.012205
0.007380
-0.008475
0.005330
0.004755
0.011662
0.017324
0.013340
-0.006749
0.016813
-0.000276
0.009590
-0.002689
-0.012425
0.005181
-0.016424
-0.008297
0.000934
0.021197
0.018844
0.016498
0.002703
-0.006991
0.010167
-0.002450
0.007775
-0.005709
-0.014682
0.006595
0.005044
0.028303
0.007643
-0.019924
-0.009900
-0.028781
0.010446
0.020038
0.015083
0.019825
0.021878
-0.012637
0.006182
0.000379
0.010521
-0.015523
-0.005214
0.006028
0.002777
0.000119
-0.012011
-0.002109
-0.050398
0.019052
0.004583
0.007589
-0.008548
-0.035316
0.047306
0.004759
-0.002049
0.013814
0.016997
0.014589
-0.019976
0.007700
-0.005475
0.009404
0.017620
0.001187
0.017962
0.004516
-0.010364
-0.000371
-0.019956
-0.002539
0.013945
-0.007620
0.000669
0.019913
0.017923
0.041841
-0.012925
0.028658
0.001561
0.004072
0.021057
0.004025
-0.008725
-0.016468
0.005749
-0.005554
-0.010134
0.012397
-0.033186
-0.007338
-0.007318
0.001626
0.004470
0.010267
0.017517
0.000047
0.020807
-0.004223
-0.019489
-0.002094
0.005429
-0.011712
-0.030248
-0.002255
-0.048777
0.013448
0.035167
0.002916
-0.019957
0.015703
-0.025686
-0.002624
-0.009363
-0.011918
-0.037070
-0.024000
-0.013670
0.024024
-0.021105
0.015816
-0.020194
-0.016652
-0.017760
0.001518
-0.005335
-0.001043
0.026000
-0.034650
-0.005703
0.008158
-0.023254
-0.008393
-0.000555
-0.019388
0.002416
0.018529
0.000018
0.010886
0.018004
-0.006578
-0.005092
0.023572
-0.043877
-0.002523
0.012492
0.008762
0.000913
-0.003295
-0.011514
0.010268
-0.006807
-0.022842
-0.016246
-0.011030
-0.020290
0.012723
-0.014896
0.005687
0.017006
-0.019430
0.011419
-0.023383
-0.005258
-0.008411
-0.010069
-0.014553
-0.012927
-0.009390
0.020471
-0.010001
0.010315
0.030022
-0.033238
-0.018999
0.005511
0.004813
0.006534
-0.007114
0.001914
0.010334
-0.014351
0.000288
-0.013241
-0.017357
0.006685
-0.002183
0.007369
-0.004570
-0.003167
-0.012598
0.021421
0.010506
0.016626
-0.007508
-0.002809
-0.002273
-0.022455
-0.021865
-0.010536
-0.001230
0.002752
-0.006341
0.000032
-0.015325
0.032781
0.006044
-0.016493
-0.003168
-0.005584
0.002120
0.014678
-0.026954
-0.008965
0.027902
0.011323
-0.023604
0.010118
-0.010332
0.000972
0.022185
-0.006821
0.004563
-0.024606
0.022871
0.010858
0.007985
0.019953
0.013514
-0.003533
-0.001420
-0.007193
0.027569
0.008401
0.014495
0.018821
0.037103
0.004083
0.003274
-0.017726
-0.004527
0.005340
-0.007994
0.007274
-0.025664
0.003673
-0.013095
-0.021744
0.012810
0.009688
-0.002943
-0.009323
0.028283
-0.027149
0.014759
-0.016992
-0.022806
0.001627
0.031096
0.002764
-0.023083
-0.008043
-0.024553
-0.012923
0.002603
0.005659
0.021140
-0.030220
-0.005247
0.000725
-0.003734
0.004913
-0.010241
-0.026135
-0.023345
0.005423
-0.008683
-0.003651
-0.006022
-0.003600
0.013405
0.001022
0.004488
0.029810
-0.004873
-0.018582
0.024372
-0.002156
-0.021774
0.008364
0.009230
-0.020135
-0.004793
0.007230
-0.006812
0.000423
0.014115
0.001257
0.004041
-0.008761
-0.001987
0.005028
-0.006856
-0.025755
0.002818
0.009777
0.021181
-0.021091
-0.016978
-0.030562
-0.002043
-0.016439
0.015588
0.019827
0.017983
-0.002371
0.017900
-0.020896
-0.001759
0.007340
-0.023694
0.000301
0.003030
0.008238
0.023956
0.013260
0.023825
-0.012598
0.007856
-0.006741
-0.017105
0.005735
-0.003519
0.018452
0.004650
0.002648
-0.000368
0.025054
0.004289
0.026220
-0.008714
0.021088
-0.002794
0.010129
0.031977
0.000996
0.001881
-0.005650
-0.008281
0.016674
-0.025621
0.022150
0.025393
-0.007016
0.011341
0.009185
-0.035476
0.017793
0.003040
0.001704
0.004503
-0.008701
-0.001292
-0.019766
0.002821
-0.003424
0.014232
0.010985
0.026174
-0.006182
-0.023735
-0.003674
0.024621
-0.002124
0.027800
-0.021536
-0.008324
0.015228
-0.008295
-0.017500
0.005717
0.037157
-0.011128
-0.003938
-0.001965
0.005350
-0.004986
0.023195
-0.021530
-0.006827
-0.001693
-0.012414
0.007990
-0.004548
0.015663
-0.004503
-0.028223
-0.003112
-0.004730
0.018295
0.017479
-0.017392
0.012629
-0.028703
-0.007262
-0.013342
-0.000697
0.007416
0.018912
0.021161
-0.001546
0.028518
0.010583
0.013915
0.019379
0.053577
-0.006606
-0.021565
0.034719
0.000717
-0.001990
-0.000278
0.004260
0.017327
0.007354
0.010865
0.001625
0.008202
0.010743
0.002216
-0.000677
-0.000051
0.010717
0.005928
-0.025618
0.012159
0.017217
-0.016502
0.012730
0.002482
-0.009529
0.024359
0.005827
0.000853
-0.003371
0.011087
0.031610
0.020219
-0.001627
-0.013475
-0.014092
0.013048
0.006020
-0.004205
0.006778
-0.016556
-0.008018
-0.009873
-0.013650
0.025582
0.020964
0.016146
0.025885
0.006096
-0.027441
-0.004658
-0.004100
-0.046207
0.020940
0.004257
-0.016033
0.003777
0.012874
0.025881
-0.010462
-0.047311
0.035652
0.002604
0.002079
0.024262
-0.020725
0.022207
-0.019185
-0.027244
-0.010561
0.010721
-0.013684
0.002295
-0.016354
0.015559
0.009745
0.013932
-0.022595
-0.003182
-0.009569
-0.010389
-0.015438
0.011507
-0.043215
0.003690
-0.006159
0.016487
0.007686
0.028480
0.015186
-0.007120
0.005533
-0.010314
-0.005033
-0.000426
0.001914
0.009767
0.011605
-0.015615
0.024806
0.005581
0.017909
0.007029
0.022742
0.001048
-0.008062
0.006623
0.015624
-0.002657
-0.006170
0.034779
-0.014468
0.017051
-0.017168
0.007493
-0.043596
-0.008200
0.012738
-0.010317
0.017467
-0.008907
-0.009242
-0.006241
-0.009310
-0.025495
0.020301
0.024649
-0.018688
0.010087
-0.004321
-0.054942
-0.023823
-0.004893
0.018665
-0.019832
-0.025653
0.017965
0.019991
0.020167
-0.012442
-0.012394
-0.006069
-0.007074
-0.023094
0.010588
-0.017646
0.004308
0.008916
-0.019237
-0.004126
0.008272
-0.003810
-0.006005
0.011472
-0.002301
-0.008434
0.033256
-0.004666
-0.008171
0.002724
-0.002605
-0.003700
-0.021565
-0.004338
-0.008840
-0.014816
0.018482
0.015310
-0.013200
-0.027592
-0.004354
0.009791
0.031376
0.013084
0.033718
-0.014263
-0.018449
0.030531
0.024125
0.032323
0.009429
-0.005229
-0.017343
-0.016670
0.029652
-0.002206
0.005427
-0.017748
-0.005288
0.012345
0.011566
-0.013995
-0.007781
0.014752
0.010498
-0.007382
-0.004655
-0.009619
0.015445
-0.017594
-0.001859
-0.008170
0.046046
0.002464
-0.009246
0.020754
0.026760
0.010220
0.011005
0.005831
-0.007904
-0.027156
-0.004060
-0.020824
0.012533
-0.007726
0.026206
0.006795
0.003303
-0.002172
0.020625
-0.033631
-0.000985
-0.011873
-0.006869
0.011854
0.025254
-0.024031
-0.004163
0.004021
0.007333
0.032915
-0.001127
-0.002783
-0.017178
0.026339
0.018231
-0.007778
0.004965
-0.006183
-0.029068
0.013259
0.024021
0.013182
-0.013587
-0.009568
0.011631
-0.013945
-0.008769
0.004575
0.008503
0.000691
0.007509
0.007703
0.005636
0.005947
-0.003821
-0.008939
-0.027470
-0.012792
-0.008572
0.016001
0.012582
-0.001252
-0.005835
-0.004228
-0.031572
-0.014409
0.027615
-0.015409
0.020210
-0.017707
0.012955
0.001819
0.002536
0.030165
0.013561
0.007525
0.018855
-0.017090
0.032956
-0.012996
0.020361
-0.004877
-0.001581
-0.000276
0.013034
0.027085
0.015596
-0.017158
-0.012112
-0.004772
0.025620
0.035560
-0.022141
0.007093
0.022540
-0.009100
-0.005653
0.005531
-0.002976
-0.021986
-0.013782
-0.014572
0.019375
-0.014785
0.013579
0.021859
0.019989
-0.001633
0.010910
-0.022199
-0.005808
0.005633
-0.018397
-0.009126
0.003167
-0.030075
-0.019352
-0.017361
-0.004706
0.017717
0.008828
-0.008258
-0.013132
-0.007699
0.002220
0.017163
-0.008659
0.006612
0.018239
0.025413
0.007448
0.025453
0.002571
0.007991
0.012279
-0.016477
-0.009605
-0.007414
0.038467
0.010270
-0.002443
0.007412
-0.043209
-0.017898
-0.012293
-0.024841
-0.001955
-0.005776
0.011252
0.006302
0.007203
-0.005095
-0.002377
0.020583
-0.014235
-0.007543
-0.010833
0.005074
-0.004996
0.011822
0.010436
0.000544
-0.000504
-0.018377
-0.031067
0.014845
0.014783
-0.000939
-0.016445
0.018666
0.032960
-0.001520
0.003864
-0.009216
0.000690
-0.004727
0.003277
0.006982
0.006132
0.000898
-0.000258
0.006942
-0.001892
0.009597
-0.009384
-0.008995
0.000744
-0.006128
0.021147
0.009057
0.023062
-0.002588
-0.001420
0.011746
-0.010375
-0.001580
0.023545
0.000601
-0.003594
0.002333
-0.012101
0.024664
0.006953
-0.017133
-0.008787
0.015228
-0.012918
0.000803
-0.022571
-0.012371
0.020455
-0.005047
-0.002948
0.008352
-0.023379
0.022917
0.015579
0.022099
0.010371
-0.018098
-0.004985
-0.000389
0.012710
0.038265
0.008571
-0.015681
-0.019087
-0.016059
0.006685
0.001360
0.011115
0.007341
0.004917
-0.012878
-0.003338
0.001898
-0.008056
-0.003958
-0.022605
-0.000141
-0.005307
-0.014199
0.011229
0.006886
-0.002938
0.004505
-0.012353
0.008247
0.004022
-0.004328
-0.012980
-0.011062
0.005661
0.011060
0.006684
0.007119
0.020305
-0.001015
-0.032773
-0.003165
-0.000559
-0.027802
0.015535
-0.011423
0.033840
0.013216
-0.004786
-0.011255
-0.000451
0.023550
0.001522
-0.017147
-0.010140
-0.031428
0.012176
-0.006307
-0.011464
0.027521
-0.025369
-0.005704
0.026197
-0.017117
0.001338
0.000262
-0.000943
0.022105
0.012900
-0.003266
-0.002171
0.002529
0.006066
-0.011304
0.000288
0.023215
-0.021911
-0.011555
-0.017957
-0.021329
-0.011737
0.007113
0.031590
0.035066
0.000956
0.003236
-0.004844
0.017583
-0.004427
0.010172
0.007816
0.027641
0.012421
0.024902
0.000903
-0.002540
0.007239
0.002420
0.000861
0.021330
0.015440
0.001189
0.008269
0.005020
-0.010178
0.036051
0.010784
-0.002369
0.001758
-0.016524
-0.014772
0.006228
-0.014467
0.010099
0.009294
-0.018941
-0.028826
0.004261
-0.024838
0.015778
-0.004408
0.001984
0.018076
-0.021899
-0.022256
-0.015384
-0.000738
0.009337
-0.025256
-0.005044
0.012546
-0.000368
0.023115
-0.004616
-0.001698
-0.025597
0.010159
-0.002067
-0.014854
0.003829
-0.003412
-0.015591
0.014456
-0.002276
-0.001917
-0.006563
-0.009997
0.011115
-0.000029
0.009435
-0.003876
0.005257
-0.011356
-0.009825
0.001216
-0.012448
0.023805
0.017542
-0.010355
-0.000251
-0.004699
0.002626
0.011240
0.006763
0.011143
0.027235
0.010567
-0.003916
0.022063
-0.025474
0.005098
0.026511
-0.015922
-0.022063
0.010610
0.005863
-0.034492
-0.013696
-0.008255
0.028768
0.000445
-0.006906
-0.013423
-0.019134
0.025427
0.003357
-0.000341
-0.027199
-0.005260
-0.021400
0.000121
-0.021734
-0.008216
0.004566
-0.022143
-0.018306
0.004879
0.022142
0.016813
-0.017114
-0.006150
-0.022706
0.022108
0.025173
-0.007309
0.019626
-0.014108
0.020383
0.006527
-0.006419
-0.019832
-0.010361
0.002314
0.022306
-0.030693
0.019913
0.016910
0.031484
-0.012856
-0.011338
-0.003417
-0.004586
0.004353
0.021552
-0.004382
-0.017373
0.008048
0.028182
-0.013879
0.012151
0.007358
-0.012491
0.004167
-0.016810
-0.005638
0.008180
0.003560
-0.010594
-0.023826
-0.007367
0.001499
-0.011014
-0.012603
-0.024485
-0.037402
-0.006639
0.024131
-0.037630
-0.001082
0.020960
0.017162
0.018350
0.005772
0.020828
-0.011692
0.002124
-0.021781
-0.010203
0.012900
0.020616
0.006817
-0.014468
0.001483
0.014792
0.040819
0.017191
-0.019650
-0.014530
-0.005961
-0.015797
0.001424
-0.022300
0.018449
-0.002909
-0.001754
-0.013443
-0.029935
0.006647
0.018029
0.003730
-0.005501
-0.021681
-0.001406
-0.027812
0.015829
0.008066
-0.001148
-0.007811
0.003838
0.007109
-0.004648
0.004242
-0.015846
-0.014159
0.005744
0.002463
0.019025
0.009341
0.043775
-0.012144
-0.006352
-0.018297
-0.006670
0.011569
-0.013835
0.010040
0.003515
0.014718
-0.004460
0.005054
-0.031543
-0.031595
-0.004088
-0.020846
0.024399
-0.006410
-0.015325
-0.016484
-0.003810
-0.008069
-0.007079
-0.033013
-0.012991
0.027253
-0.004592
-0.022083
0.012588
0.018664
-0.013755
0.010310
0.021943
0.004571
-0.011409
0.011089
0.010843
0.001564
0.002549
-0.018409
0.023653
-0.026712
0.017944
-0.018346
0.018608
0.000902
-0.005839
-0.022445
0.007365
-0.011344
-0.004749
-0.029389
0.012569
-0.025011
0.022062
-0.007525
-0.037515
0.011454
-0.022490
0.014935
-0.007373
-0.016624
0.033462
0.003906
0.011963
-0.005521
-0.009733
0.001530
0.016571
-0.000801
-0.016406
-0.002605
0.013726
0.025446
-0.025295
0.009459
0.008506
0.006803
0.015465
0.027218
-0.026584
0.000156
0.008658
-0.019952
-0.005291
0.004957
-0.003170
-0.002195
0.000449
-0.003698
0.019485
-0.025808
-0.020482
0.012479
0.010495
-0.025097
-0.012335
0.038520
0.013601
-0.003196
-0.017566
-0.000786
0.014387
-0.022165
0.013227
0.009518
-0.013684
-0.021914
-0.011457
-0.007408
-0.001578
0.009228
-0.004214
0.017726
-0.024215
0.018490
-0.002456
0.001556
0.006502
0.018610
-0.008025
0.013956
-0.005113
-0.006951
0.010831
0.004615
0.008792
-0.024773
-0.005980
-0.038094
0.004290
-0.009134
-0.002531
-0.011126
-0.012359
0.021125
-0.026074
0.002960
-0.010055
0.003417
-0.014123
0.003128
-0.001199
-0.009530
-0.004261
-0.006787
-0.008925
-0.022372
0.018854
-0.017452
0.008118
0.015277
0.000440
0.003895
0.009907
0.009751
0.018790
-0.005987
0.002621
-0.001485
0.009434
0.012596
0.015022
0.014199
0.018760
-0.011389
0.016723
0.009877
0.008568
0.011177
0.006015
-0.012679
-0.010865
-0.028860
-0.021757
-0.024283
-0.014934
-0.001288
0.004300
0.039600
0.004185
0.008848
-0.000578
0.011346
0.011423
-0.017989
0.008490
0.022375
-0.000905
0.003545
0.005350
0.018796
0.007033
-0.006206
0.014205
0.003135
-0.018229
-0.013234
0.023647
0.005578
0.012619
-0.018570
-0.003862
-0.021503
-0.024687
0.027814
0.004502
0.004226
-0.012958
0.002096
0.012731
-0.011507
0.002636
0.013014
-0.020093
-0.000620
0.009013
0.016678
-0.036487
0.014409
0.028602
-0.012614
0.026369
-0.020199
0.005533
0.005475
0.011310
0.013121
0.001984
0.023936
0.008017
-0.005476
0.003818
0.006942
-0.024440
0.011020
0.003958
-0.004284
-0.002969
0.015506
-0.010777
0.019891
0.002389
0.005041
0.049223
0.014201
-0.004766
-0.005098
-0.001026
-0.016835
-0.002394
0.010436
-0.000545
0.018350
0.012780
-0.019360
0.016856
-0.015977
-0.002588
-0.020778
0.002661
0.004661
0.026518
-0.022755
-0.010141
0.014539
0.001902
0.013666
0.004928
0.013048
0.039848
-0.013213
0.007325
-0.010590
0.017726
0.032990
-0.001714
-0.017358
0.011276
0.003248
0.010626
0.011320
-0.009755
-0.015494
-0.016823
-0.023252
0.008809
0.005782
0.002078
0.020499
-0.008395
0.013716
0.000785
-0.013291
0.009524
-0.002735
-0.002329
0.008952
-0.008345
-0.002717
0.020985
0.012757
-0.008115
0.035839
-0.022666
-0.011498
0.033061
-0.006041
0.016394
-0.005204
0.004444
0.005915
0.033054
-0.007850
-0.021707
0.003828
-0.009868
-0.010098
-0.013369
-0.006311
-0.006141
-0.003511
0.003547
-0.003857
0.003437
0.022028
-0.026755
-0.002770
0.004695
-0.024816
0.004100
0.012077
0.003434
-0.019937
-0.005557
-0.005906
-0.038497
-0.005098
-0.003202
-0.016608
-0.006298
-0.018102
0.001832
0.023667
0.004198
-0.017926
0.003178
0.002651
-0.018026
-0.008434
0.007139
0.010300
0.006486
-0.002027
0.006669
-0.017491
0.001033
-0.017415
-0.003653
-0.018908
-0.008483
-0.001481
-0.012859
0.001730
0.016412
0.021535
-0.006651
0.027442
-0.041111
-0.006521
0.001672
0.002507
-0.000598
0.018189
0.016379
-0.004911
0.003139
0.007515
0.031464
-0.010579
0.006368
-0.009502
-0.002146
-0.001118
0.014626
-0.040194
0.008249
-0.004413
0.052593
-0.001413
-0.011377
0.017495
-0.020499
0.018261
-0.024220
0.001298
-0.008313
0.005047
0.010861
0.020230
-0.014713
0.018556
-0.043049
0.026503
0.018366
0.030885
0.000139
-0.012380
-0.016319
0.003472
-0.010414
-0.026189
0.012000
-0.034565
0.014141
-0.026851
0.008583
0.002444
0.002299
-0.009133
-0.015886
-0.006803
-0.011168
-0.028469
0.002560
0.002774
-0.003783
-0.027321
0.032090
0.004073
0.010748
-0.016895
0.025517
0.004054
-0.014361
-0.019857
0.010105
-0.000314
0.009853
-0.010297
0.008406
-0.018013
-0.026904
0.028394
0.017228
0.024567
0.009259
-0.009331
-0.001095
0.008941
0.013086
-0.025126
0.021767
0.008779
0.011676
0.016772
0.030785
-0.005789
0.015193
-0.005469
-0.011722
-0.010368
0.002220
-0.005145
-0.017207
0.010575
-0.015862
-0.003864
-0.023526
-0.014768
0.000312
-0.000044
0.000190
0.009152
0.004053
0.003233
0.035789
0.002113
0.015594
-0.004293
-0.010409
0.004503
-0.012185
-0.027263
0.018213
0.018664
-0.021033
-0.004219
0.025438
0.010366
-0.006330
-0.002946
0.013071
-0.011953
0.026677
0.008024
0.013742
-0.007504
0.023868
0.033035
-0.000012
-0.004778
0.014144
0.002353
0.003728
-0.001421
0.016283
0.010527
-0.005478
0.012958
0.026229
-0.023567
-0.010102
0.000577
0.005252
0.000011
0.011815
0.001344
0.003759
-0.035824
0.008389
-0.010119
0.032941
0.014480
0.022295
0.009342
-0.004776
-0.028254
-0.035097
0.007852
0.003819
0.019533
0.018888
-0.020217
0.006745
-0.000071
-0.000719
0.003470
-0.020573
-0.010917
0.011186
-0.021205
-0.034157
-0.015634
0.009002
-0.006961
-0.004257
0.018438
0.011441
0.002337
0.012993
0.000674
0.023596
-0.025157
-0.019728
0.031456
-0.021829
-0.011433
-0.003327
-0.008713
0.010643
-0.011118
-0.007010
-0.008871
-0.008114
0.001355
-0.021288
0.034367
0.002583
0.000787
-0.011980
-0.015274
0.010182
0.014491
0.010123
-0.018523
-0.015950
-0.010877
-0.007597
0.005521
-0.000710
0.011668
0.029603
0.008588
-0.016800
0.003443
0.031376
0.009473
-0.000241
-0.003175
0.006564
0.006770
-0.011235
-0.007691
0.025591
-0.022764
0.021743
0.008780
-0.010810
-0.009381
-0.011208
-0.000842
0.003445
0.017115
-0.009927
-0.011166
0.014723
0.023667
0.012139
0.010860
0.009526
0.019157
0.003975
0.018355
-0.015108
0.013475
-0.002484
0.010700
-0.016262
-0.039383
-0.027373
0.009686
-0.000622
-0.003122
0.028957
0.008692
-0.000929
0.004029
-0.000720
0.000006
-0.007371
0.013736
-0.017274
-0.008029
0.022082
0.029430
0.022292
-0.012194
-0.014922
-0.007160
-0.017426
0.018872
-0.014014
-0.006340
-0.005368
0.036655
0.014267
-0.000111
0.013886
-0.014467
0.001256
0.034863
0.004841
-0.022524
0.008763
0.004193
0.011402
-0.006284
0.007963
-0.004750
-0.006623
-0.010454
-0.004599
0.001752
0.009940
-0.005926
-0.024123
-0.000054
-0.010405
-0.009491
0.023651
0.009619
0.009083
-0.023767
-0.001948
0.000619
0.010136
0.014119
-0.045366
-0.001366
0.023837
0.012192
0.008096
-0.005789
0.033251
0.011460
-0.006974
0.005705
0.017294
-0.011744
0.008743
-0.013512
0.012704
0.002181
0.017843
-0.000588
-0.023950
-0.015101
-0.004669
0.036677
0.001083
0.012320
0.001827
-0.025131
-0.006532
-0.003685
-0.013492
-0.012426
0.011943
0.010441
-0.025898
0.018919
-0.022123
0.016368
-0.001861
-0.004266
0.008627
-0.005713
0.014864
0.010571
0.027600
0.004917
0.020953
0.012282
0.003181
0.009681
-0.010365
0.018914
0.004135
0.018238
-0.006763
-0.003648
0.023594
-0.026025
0.002371
-0.003393
-0.002651
0.001328
0.010905
-0.012520
-0.020334
-0.000893
-0.006808
0.023381
0.007647
-0.020440
0.001669
0.011249
0.001437
0.020219
0.002905
-0.011922
0.002966
0.032590
0.011121
-0.005617
-0.025671
0.002078
0.003789
0.001770
-0.010977
-0.017551
-0.037409
0.006353
-0.003918
-0.020040
0.002424
0.005562
0.037890
-0.012291
0.017418
-0.002530
-0.001142
-0.017076
0.033503
-0.022675
0.005728
0.043710
-0.001621
0.027505
0.000052
-0.018085
-0.001070
-0.005416
-0.002722
-0.015717
-0.002785
-0.010300
0.023076
-0.020256
-0.037852
-0.008876
0.020596
-0.007214
-0.019938
-0.000002
0.010922
0.022714
0.002167
-0.009770
0.001544
-0.008642
-0.020313
0.015467
0.038556
-0.003830
-0.025373
0.025902
-0.005538
0.011626
0.012222
-0.004526
-0.002505
-0.014752
-0.010990
-0.006207
0.010680
-0.009097
0.014252
0.016695
-0.008656
0.011053
0.012486
-0.014264
-0.023165
0.008248
-0.004201
-0.005171
0.015015
-0.010010
0.004751
-0.019586
-0.005834
-0.006638
0.013029
0.006052
0.027965
0.009957
0.000994
0.014846
0.018817
-0.007698
-0.039734
-0.002139
0.009206
-0.000615
0.001204
0.031086
-0.001817
-0.004451
0.025204
-0.003871
0.015029
0.009107
0.029224
-0.002305
0.002692
-0.010415
-0.015862
0.002621
0.000981
0.001051
0.003977
0.008606
-0.005858
-0.012830
-0.004105
-0.016542
-0.026250
-0.002072
0.011101
-0.040782
0.016072
0.001890
0.016757
-0.015015
-0.025162
0.006570
-0.025310
0.006479
-0.005307
-0.008599
-0.023839
-0.020428
-0.001570
-0.006891
-0.018398
-0.023614
0.022798
0.001664
0.017840
0.014761
0.022965
-0.011856
-0.010455
0.006625
0.000434
-0.019818
-0.008983
0.024825
-0.029419
-0.030379
-0.030696
-0.019550
-0.006098
0.021919
0.008196
0.014909
0.008089
-0.007176
0.005186
0.009129
-0.033054
0.021777
-0.006460
-0.031988
0.013762
0.005234
-0.020874
-0.017644
0.016375
0.000397
0.013628
-0.014238
-0.013142
0.000309
-0.001666
-0.013576
0.008205
-0.001146
0.006338
-0.006263
0.007987
0.008702
0.009634
0.008553
-0.004332
-0.016702
0.003408
-0.005065
0.022729
-0.016462
